gil262.tsp
262
   0 152 149  88  84 170 118 138 171 202 180  84 191 196 185 165 239 103  88 227  77 171 182 241 137 167 129 119 223 102  30 222  65 108 136 147 165 189 183 247 228 216 175 163 184 165 225 185  85 175 229 182 106 114 229 200 184 154 197 235  70 164 159 156 132 218 222  42 154  55  22  87 118 123 193  69 181 224  81 218  87 168 135 166 186 182  92 182 184  69 174 213 172 177 109 119 214 207  56  77 170 183 226 128 201 182 204  60 227 232 184 126 222 166  76 141 213 149 152 175 182 176 148  96 155 139 259 180  67  77 191 211  83 247 161 203 107  73  19 110 131  43 190 150  75 165 249 166 181 153 180 146 172  74  55 134 167 241 266 119 171 193 153 109 173 107 188 224 186 158 193 100 120 191 224 198 157 221 169 156 192 116 151 153  89  86 176 101 172 140  90 151 169 220 143 188 216 117 155 161 231  26 183 121  38 133 108 139  67 228  69 198 121 187 131 161 139 154 188 148  61 181 178 158 180 210 224 109  13 163  29  44 193  55 175 182 160 201 144 213 179 192 173  63 245 132 196 178 165 146 147 195 164  61 199 198 100 101 225 140 123  86
 152   0  69 123  70  98 111  62  21  59  43  68  38 160  83  81 111  50  77 145 107 133 140 120 107  16  24 144 139  52 122 112 100 150 170  24 107  67  71 124 153  73  52 120 165 154  93 145  68 179 128  90  56  41  97  70  39  18 100 151  83  48 145  22  41  83 119 125  44 133 132  82  46  90  95 147 178 112  76  78 119  39  26  69 117 200 151 188  37  84 171 149 159 194 146  51 125 165 130 117  21  79  88  90 127  51 171 135 146 151 134  58  84  13 125  85 165  65 179 136  42  58  64  58  16  86 138 150  87  78  47 124  70 148  65  92  45 108 147 104  98 126 153 162 122  62 139  14 204  22 195 139  23 143 146 149  42 152 161 121 152  98  33 113 106  59  39  89 102   6 103  98  33 150  97  84  45 154 149 145 102 151  19 172  77 109 160 141  35  55  64 168  23  79  12 144  74  45 122 139 120 147  37  40 115  32  55 122 119 153  84 182  67  44  79 150  16 174  88  28  94 116  54  34  49 100 142  50 140  15 138 134  82 112  41 138  48  54 169 171  45  64  89 133 132 114 204  35  45  31 124 138  13 110 143  64  52 138 103 163  30  70
 149  69   0  82  76  31  55  13  85  72  53  83  91  91  36  18  92  66  62  88  76  64  71  93  43  80  62  88  83  64 122  74  84  98 110  90  38  46  36  99  93  83  39  51  96  86  81  76  87 112  82  35  97  58  84  59  65  86  50  96  94  30  78  49  99  76  74 109  27 106 127  62  45  34  45 112 110  76  73  80  78  42  84  18  52 134 106 120 100  94 103  85  91 128  93  37  71  97 104  83  65  34  85  31  64 119 102 106  89  94  66  26  83  72  89  19  98   4 117  67 109  35   5  84  54  21 110  80 104 100  66  68  77 102  15  54  70  80 135  53  37 109  84  98  87  20 101  77 138  90 129  74  89 106 118  88  39  99 120  64  84  45  38  61  38  47 100  81  42  74  47  56  69  82  77  51  27  91  80  78  46  96  87 108  61  72  91  92 103  16  69 104  61  83  60  75  81  46  54  71  82 132  65  47 116  91  49  57  90  93  92 113  28  63  21  82  74 110  40  95 108  49  40  39  47  62  85  92 137  82 124 113  44  94  49  69  27  75 107 103  51  52  27 102  96  52 136 101  33  38  57  71  68  89  76  61  76  89  77 102  60  69
  88 123  82   0  70  92  33  76 144 151 130  78 158 108 115  93 172  82  50 144  22  84  95 171  53 139 102  35 142  78  73 149  40  31  59 133  83 127 118 177 144 164 118  78  97  78 163  98  83  91 152 109 110  85 165 141 139 135 123 152  77 108  71 114 129 158 146  47 100  33  70  44  78  48 119  31  96 152  59 162   4 117 121 100 104 103  28  99 160  75  88 128  85  97  29  73 134 120  32  13 131 114 167  52 118 170 116  29 144 149  98  70 164 133  12  66 126  84  74  89 164 116  84  91 116  64 187  93  85  90 143 131  71 168  97 133  89  23  69  30  51  45 103  66  13 102 173 136 104 136 100  59 147  24  40  49 115 159 187  32  84 119 106  24  92  65 162 163 109 130 116  27 100 104 158 131 102 135  82  69 115  36 134  71  49  14  88  21 155  82  69  69 129 164 112 101 162  78  69  73 157  64 139  84  71 124  69  52  22 143  72 111  61 139  60  73 118  73 116 136  85  99 121 109 126 139 141 108  79 138  59  44 125  39 125  95 104 153  64 125 128 134  98  26 170  46 114 158 110 100  60 109 130  34 113 142  88  19 157  59  96  63
  84  70  76  70   0 105  77  64  89 119  97   9 108 152 111  95 160  19  23 164  49 123 133 164  86  85  46 101 159  18  53 148  34 101 128  69 106 109 105 170 168 133  94 111 148 131 145 138  14 152 159 111  40  30 148 119 101  74 126 171  18  83 123  72  61 136 150  56  74  67  62  28  36  66 121  85 154 149  11 136  66  85  57  91 125 168  96 161 104  18 146 157 138 162  98  40 147 161  64  59  86 108 144  70 139 107 162  71 164 169 131  51 140  83  66  77 164  75 141 127 104  96  74  21  71  76 182 137  27  25 107 144   1 178  86 127  25  48  77  67  77  58 145 129  63  88 176  84 170  75 164 112  91  83  80 112  86 176 196  85 134 122  71  73 110  30 107 142 118  75 123  55  38 144 144 122  76 164 131 121 123 105  73 136  24  56 141  91  94  64   8 133  85 138  60 139 133  35 107 120 156  77  99  38  46  58  28  97  57 167  16 165  51 103  66 126  58 138 115  72  32 121  97  75  98 135 160  39  71  82  68  66 116  45  93 132  80 117 130 167  97 111 103  69 171  87 177  99  84  63 103 140  81  45 145 117  20  89 147 125  40   9
 170  98  31  92 105   0  59  43 111  85  71 112 113  63  30  17  85  97  87  59  93  40  44  81  40 107  93  85  55  94 145  58 105  99 102 120  14  53  41  87  63  92  55  29  72  67  79  49 116  93  60  21 128  89  81  66  85 115  32  67 122  52  60  76 130  79  54 128  54 122 148  85  75  47  29 122  88  61 100  86  89  64 115  31  21 115 111 100 125 121  83  54  69 110  94  67  44  68 119  97  89  32  87  42  34 146  74 119  60  65  37  56  86  98 102  29  67  34 104  41 135  49  35 114  82  31  95  55 132 129  83  41 106  78  34  45 101  97 154  62  41 127  56  85 101  37  81 103 120 119 110  62 115 115 131  80  61  72  97  65  62  28  65  68   8  75 124  82  17 102  24  71 100  53  73  46  53  60  59  62  24  94 116  95  86  87  69  95 131  47  98  91  85  89  90  47  89  76  37  53  65 150  85  78 140 121  78  49 106  63 119  88  54  81  40  64 105  97  29 124 136  18  55  65  64  50  56 123 158 110 143 130  41 114  69  41  51  90  97  73  69  61  11 116  78  49 115 128  55  67  45  41  94 108  46  70 107  92  69  92  91  96
 118 111  55  33  77  59   0  54 131 127 107  86 141  80  84  63 142  81  54 111  42  53  64 139  20 126  94  33 108  78  99 117  60  43  59 126  50 100  89 146 111 138  94  45  72  55 134  68  91  75 119  78 114  80 136 114 119 126  90 119  90  85  46  97 127 130 113  76  78  65  99  49  69  22  88  64  77 120  68 135  32  95 116  72  71  93  52  84 147  89  69  95  61  86  38  61 101  90  64  41 114  84 139  24  85 161  89  62 111 115  66  54 137 118  45  37  96  59  69  57 153  90  59  95 100  35 154  64 100 101 121  98  78 135  70 102  89  46 101  10  19  75  73  53  44  75 140 122  95 128  88  35 134  57  73  38  93 126 154   9  58  87  87   9  59  59 148 135  76 117  83  23  95  74 129 101  80 103  55  44  83  41 125  62  53  33  64  37 145  61  73  58 111 138 100  70 136  69  37  45 124  95 118  74  95 121  64  21  51 110  86  88  44 117  35  49 110  64  85 130 101  66  96  90 102 108 108 111 108 126  90  75  95  65 103  64  81 130  58  96 105 107  66  59 137  13 100 146  87  83  29  77 115  58  81 116  90  34 126  52  89  68
 138  62  13  76  64  43  54   0  79  75  54  70  88 101  48  31 102  54  50 100  68  73  81 104  45  74  52  87  95  51 110  85  73  96 111  81  48  53  45 109 106  87  42  60 104  92  89  86  74 117  95  47  85  46  92  66  65  78  62 108  82  32  84  44  89  83  87  99  25  98 116  51  32  31  57 106 116  87  61  86  72  42  74  28  64 139 102 126  95  81 109  97  97 132  91  25  83 107  95  75  61  45  92  30  77 113 112  98 101 106  76  13  89  66  83  24 109  11 119  76 103  41  11  71  48  24 121  89  91  87  68  81  65 114  24  65  58  71 125  49  38  99  94 101  80  27 113  71 142  82 134  78  83 100 110  90  39 112 132  63  91  58  33  58  50  34  95  89  55  67  60  49  58  91  86  61  26 103  87  83  59  95  79 111  50  65  98  89  96   7  56 107  58  89  52  85  86  33  60  78  94 122  64  35 104  80  36  60  82 105  79 121  17  64  19  88  65 113  51  85  96  61  45  36  50  73  97  80 126  76 114 104  55  84  49  79  28  77 109 113  52  58  40  95 108  54 143  96  34  31  62  83  63  80  88  66  64  86  87 104  49  57
 171  21  85 144  89 111 131  79   0  54  46  87  21 174  93  95 109  70  97 153 127 149 155 121 125   5  44 163 147  72 140 116 120 170 189  28 122  72  79 124 162  67  60 136 181 171  91 160  86 197 133 100  69  61  95  71  36  19 109 159 101  59 163  36  48  80 125 145  58 153 151 102  66 109 104 167 195 115  96  74 139  48  37  81 130 218 172 205  16 102 188 160 176 212 166  72 134 179 150 137  23  89  84 109 137  35 186 156 154 159 148  77  79  14 146 103 178  81 198 151  24  66  80  75  31 103 137 165 104  95  44 132  89 152  78  98  64 129 166 124 117 146 168 181 142  74 141   8 222  22 213 157   4 164 166 168  51 158 163 140 169 107  48 132 119  79  18  86 113  14 113 118  51 165  96  90  59 164 165 163 112 171  22 190  98 130 176 161  20  72  84 187  27  74  32 158  69  66 139 156 123 166  35  60 133  42  75 140 139 162 102 198  87  42  98 167  32 192  97  30 111 129  61  47  54 104 150  64 159   7 157 154  89 132  46 152  60  48 188 184  49  67 102 153 134 133 221  16  56  48 141 151  17 131 156  64  71 158 104 183  50  90
 202  59  72 151 119  85 127  75  54   0  22 120  41 145  57  70  55 100 116 109 141 125 127  67 114  53  77 160 102 100 172  67 141 170 182  80  98  32  44  70 119  15  33 114 156 152  37 132 121 177  85  66 114  89  41  22  20  71  68 113 135  43 144  46  99  26  77 168  51 170 180 119  84 105  65 180 173  65 121  20 147  35  84  57  97 200 177 185  58 135 168 122 154 194 165  84  91 146 167 149  37  54  30 103 100  84 155 171 110 114 119  82  25  47 157  91 142  69 187 125  71  38  68 112  49  93  83 139 141 133  12  90 119 102  58  53  98 143 192 124 109 168 139 168 154  53  89  51 205  74 195 143  57 174 183 159  36 111 111 136 147  68  49 132  92  96  55  32  78  57  76 124  87 135  43  46  49 125 143 145  75 168  73 177 116 140 154 163  73  69 111 174  36  21  63 129  16  85 120 137  72 191  21  81 165  90  94 128 154 119 134 171  90  16  92 148  74 180  60  82 147  98  32  44  25  57 106 108 189  58 182 175  48 153  27 124  47   7 178 150  23  24  74 168  82 123 200  65  41  56 126 118  45 150 122  16 106 160  52 173  81 115
 180  43  53 130  97  71 107  54  46  22   0  99  42 134  48  55  68  79  95 107 119 111 115  77  96  43  57 140 100  79 150  70 120 150 164  67  84  25  34  81 116  36  16  99 143 137  51 120 101 163  87  56  96  68  54  27  13  59  63 113 114  23 129  26  84  41  78 146  30 149 158  97  63  85  59 158 159  69 100  38 126  13  69  41  87 185 156 170  56 114 153 116 140 179 146  63  88 137 146 128  24  44  47  83  93  81 145 150 108 113 108  60  43  35 135  72 135  49 170 113  68  23  49  93  30  74  95 127 121 113  13  86  98 106  40  51  78 122 171 104  90 146 127 151 133  36  96  40 190  63 180 127  50 153 161 141  15 112 118 116 133  61  27 112  79  74  55  47  69  44  68 103  68 124  53  43  28 120 129 130  68 149  61 161  94 118 140 143  67  48  90 157  21  40  45 118  36  63 104 122  77 169  14  60 143  75  73 110 133 116 113 159  69  10  72 133  58 163  52  70 127  87  16  22   8  58 104  90 168  48 160 153  43 132   5 112  26  23 160 141   3  21  61 146  89 105 186  61  20  34 110 109  32 128 113  21  86 140  60 155  61  94
  84  68  83  78   9 112  86  70  87 120  99   0 107 160 116 101 163  20  32 170  57 131 141 169  94  84  45 109 165  21  54 153  41 109 136  65 113 113 110 174 175 135  98 119 156 140 148 146   5 160 164 117  32  31 151 122 102  71 131 178  15  87 131  74  55 139 156  61  77  73  64  37  40  74 127  91 163 154  19 138  74  88  53  96 132 177 103 169 101  15 155 164 147 170 107  46 153 169  70  66  86 113 146  78 146 103 170  77 171 176 139  57 142  82  74  85 172  81 150 135 100 100  80  14  72  84 187 146  22  17 109 151   8 184  91 132  23  56  79  76  85  62 153 137  70  93 181  82 178  71 173 121  89  90  86 121  88 182 201  93 142 127  74  81 117  36 104 145 125  74 130  63  36 152 148 126  80 171 139 130 129 113  69 145  33  64 149  99  90  69  14 142  86 140  59 147 135  39 115 129 161  80 100  41  46  53  34 105  64 174  15 173  58 105  74 135  55 147 120  68  28 128 100  78 101 140 167  32  72  80  71  71 121  51  95 140  84 118 139 175  99 115 110  76 176  96 186  96  87  66 111 148  81  52 153 119  16  97 151 133  40  17
 191  38  91 158 108 113 141  88  21  41  42 107   0 176  90  97  95  89 114 147 143 153 157 108 133  23  63 175 141  90 160 107 138 182 199  49 125  67  76 110 157  51  58 140 185 177  78 162 106 203 125  99  90  79  81  62  29  40 105 153 121  62 169  45  69  67 117 163  64 170 170 118  81 119 101 183 200 106 114  59 154  50  58  83 130 225 186 211  17 122 194 158 181 219 178  86 129 179 167 153  27  86  69 118 135  43 187 172 149 153 150  89  64  26 161 110 177  87 207 154  30  65  86  96  42 111 123 168 125 116  34 128 108 143  81  91  84 145 185 136 126 164 170 189 158  76 130  25 229  43 220 165  21 179 183 178  53 151 152 151 173 103  55 144 121  95  14  72 111  33 111 132  71 166  84  84  64 161 170 169 110 183  43 199 114 145 181 174  34  81 102 195  30  59  49 160  53  81 144 162 113 185  29  76 153  63  91 148 156 157 122 201  99  34 107 173  52 201  95  50 131 130  59  52  50  97 145  85 179  28 176 172  84 150  45 154  64  34 197 184  45  60 103 170 123 142 227  25  59  59 148 151  28 148 155  55  91 171  93 192  68 108
 196 160  91 108 152  63  80 101 174 145 134 160 176   0  88  80 127 150 130  60 122  29  20 116  66 170 152  82  62 147 179  95 139  96  80 181  53 113 101 122  53 148 118  42  20  35 129  15 165  47  84  79 183 145 129 123 147 178  78  65 167 116  38 139 189 132  85 155 116 141 178 126 131  86  80 133  38  99 144 141 109 127 175  94  48  67 113  50 188 166  39  35  29  63  92 122  65  11 140 120 152  91 140  82  48 210  11 137  59  61  26 111 140 161 121  79  19  95  72  25 198 111  96 166 145  79 124  16 177 177 145  64 153  89  97  95 156 125 178  89  75 153   7  58 121 100 103 166  73 181  62  51 178 126 145  67 124  74 106  77  26  77 128  88  55 126 187 133  67 165  70 102 158  10 121 100 116  40  27  41  70  88 178  64 129 112  26  99 194 107 146  62 149 144 152  16 145 132  45  35  98 172 148 135 175 181 131  58 129  52 163  28 105 143  89  38 165  65  85 186 179  47 118 128 126  95  59 179 187 173 167 152  97 144 132  22 114 151  72  17 131 120  73 134 105  67  60 191 118 129  51  27 157 138  25 129 160  97 113  71 150 143
 185  83  36 115 111  30  84  48  93  57  48 116  90  88   0  21  58  98  98  61 112  69  70  57  66  89  86 113  55  96 158  38 120 126 132 107  43  25  14  63  69  62  33  59  99  97  50  75 119 122  48   9 125  88  52  36  61 101  17  68 129  36  90  61 121  49  40 145  43 142 163  98  76  67  12 145 117  40 108  56 112  45 105  20  40 145 137 129 104 128 112  68  98 139 121  70  42  89 139 117  70   4  58  62  45 128  98 140  62  67  62  61  57  80 123  48  87  36 134  69 115  26  37 115  67  50  74  83 138 133  58  40 112  68  25  18 100 115 171  85  65 145  82 115 122  24  65  85 150 105 139  91  96 139 152 109  42  69  85  91  91  14  52  92  36  81 102  52  21  86  21  90  96  78  45  17  40  72  88  91  20 122 103 124  97 107  98 121 113  47 103 121  66  59  79  72  59  77  66  82  46 168  61  77 151 112  83  78 125  69 126 114  64  56  56  94  94 127   5 111 143  41  32  50  40  26  58 120 173  93 160 149  11 130  47  67  37  63 127  94  45  33  19 137  60  76 143 108  38  58  75  62  76 125  65  42 107 118  42 122  87 104
 165  81  18  93  95  17  63  31  95  70  55 101  97  80  21   0  79  85  79  70  91  56  60  78  46  90  78  93  64  82 139  57 100 105 113 104  28  39  27  84  75  79  39  44  88  82  70  66 105 107  64  17 115  76  73  53  69  99  32  77 113  36  74  60 115  68  57 125  37 121 144  79  63  46  28 124 104  60  91  74  90  48  99  14  36 130 116 115 108 112  98  69  85 124 100  56  52  84 118  96  72  21  77  41  47 130  91 119  70  76  54  44  75  81 102  27  84  20 117  57 118  33  21 102  65  29  94  71 122 118  68  50  96  84  17  39  88  95 151  64  44 124  73  97 101  21  83  86 135 103 125  73  98 118 131  90  44  81 102  70  77  28  48  71  25  65 107  72  24  85  29  69  86  70  66  38  36  74  74  75  28 102 100 107  79  86  85 100 114  33  87 104  69  77  74  64  76  64  50  67  65 148  69  65 133 106  67  59 104  75 110 104  45  65  35  78  89 109  23 108 127  35  40  48  48  46  66 109 153  93 140 128  32 111  52  58  34  75 108  89  53  47   9 116  79  56 131 111  39  51  56  57  78 105  62  57  94  97  63 104  77  87
 239 111  92 172 160  85 142 102 109  55  68 163  95 127  58  79   0 144 151  74 169 118 115  15 124 107 125 170  69 143 211  32 175 183 186 134  97  51  57  15  84  45  66 111 143 146  18 118 166 169  46  64 164 133  14  42  74 125  54  75 177  76 141  93 152  29  42 201  86 199 217 152 124 124  55 203 162  28 160  36 169  77 136  74  85 191 194 175 113 177 160  95 146 187 178 121  62 124 196 175  90  58  27 120  79 138 135 198  75  77 106 113  31 101 181 106 118  91 186 116 126  64  91 159  98 108  28 128 185 179  66  63 161  55  78  40 144 172 227 143 123 200 123 167 179  74  39 105 197 129 186 145 112 197 209 164  75  69  59 148 139  57  90 150  88 132 109  23  69 110  63 148 135 119  16  42  83  95 136 143  63 179 127 176 150 164 145 179 128  99 152 173  88  37 113 114  42 124 120 133  30 224  75 122 204 143 132 134 182  85 176 155 119  68 113 144 126 178  57 137 191  88  63  86  64  35  73 158 227 113 216 205  48 186  71 112  80  62 180 126  67  49  76 194  32 133 187 120  76  98 129 100  99 181 102  47 151 176  16 176 127 154
 103  50  66  82  19  97  81  54  70 100  79  20  89 150  98  85 144   0  32 154  62 121 130 149  86  66  26 109 149   4  72 134  51 111 136  52 100  93  91 155 159 115  78 108 148 133 128 135  22 156 146 100  33  11 132 103  82  56 114 162  35  68 124  54  47 119 138  75  58  84  82  37  22  65 109 100 157 135  26 118  77  68  40  78 118 174 109 165  85  35 149 150 140 167 108  29 137 158  81  72  67  95 127  68 131  90 161  88 155 160 127  41 122  63  80  72 160  64 148 124  86  81  63  17  52  71 167 136  42  35  89 134  20 166  73 113   8  62  96  72  76  76 143 134  76  74 162  64 176  57 169 115  72  98  97 118  69 165 183  90 134 110  54  79 103  24  88 125 108  56 113  61  19 141 128 107  61 157 131 123 112 115  55 143  32  67 142 102  76  52  14 139  66 120  40 136 115  21 106 121 143  96  80  22  65  43  19  98  72 159  34 166  45  85  61 128  39 145 103  56  48 114  81  58  81 121 151  30  90  63  87  84 102  63  75 129  64  98 138 164  79  95  94  85 157  89 181  81  67  46 103 135  62  62 140  99  10  99 132 132  21  21
  88  77  62  50  23  87  54  50  97 116  95  32 114 130  98  79 151  32   0 146  30 101 111 154  64  93  54  79 141  28  60 135  25  80 106  83  86 101  95 160 149 131  88  90 125 108 137 116  37 129 144  96  61  37 141 113 101  86 111 154  37  76 100  73  79 130 136  52  67  56  66   6  33  44 107  70 131 137  14 131  46  82  72  79 106 145  77 138 113  36 123 137 115 139  77  32 130 139  53  41  89  95 139  49 120 121 140  58 146 151 110  38 135  88  49  58 143  62 119 105 116  88  61  42  73  57 171 115  47  47 106 128  24 163  74 115  39  31  76  44  55  52 123 106  45  77 162  91 147  87 141  89 100  67  69  89  81 159 181  61 111 107  68  50  92  21 116 136 102  83 108  32  50 122 136 111  69 144 108  98 107  84  85 114   1  36 118  70 107  52  20 110  87 134  65 118 130  33  85  98 144  75 100  38  54  74  23  74  42 149  33 142  34 102  47 103  69 115 101  87  50 102  90  72  93 123 143  59  76  91  66  59 105  37  89 111  72 116 108 145  93 105  87  56 158  65 154 110  77  61  80 120  86  34 125 111  38  68 137 102  48  14
 227 145  88 144 164  59 111 100 153 109 107 170 147  60  61  70  74 154 146   0 150  65  57  61  91 149 146 128   6 152 204  45 163 143 135 169  62  81  74  65  11 107  93  67  79  89  81  57 174 107  28  56 184 146  81  86 119 162  44   8 181  97  88 122 182  89  33 185 103 176 206 144 132 104  49 174  98  48 159  98 143 106 166  78  41 127 158 110 163 180  98  25  86 123 138 125  19  53 174 152 130  65  94  99  26 188  65 173   1   6  50 114  95 140 156  88  46  90 130  61 175  87  91 171 128  89  65  67 191 188 114  21 164  29  83  56 158 154 211 117  96 184  59 113 155  84  44 146 133 166 122  97 156 167 184 117 103  15  47 113  80  47 113 120  55 134 161  87  46 147  42 127 155  55  73  64 101  22  79  90  43 136 164 120 145 142  84 142 173 103 156 118 126 101 140  52 103 133  76  81  44 206 120 134 198 173 137  94 161  11 178  86 113 113  99  90 155 122  56 173 195  46  92 111  99  51   3 179 216 153 199 186  64 172 107  55  98 116 127  55 104  87  61 170  46  98 120 168  99 118  86  39 137 166  37  94 164 140  63 124 146 155
  77 107  76  22  49  93  42  68 127 141 119  57 143 122 112  91 169  62  30 150   0  95 106 169  60 123  84  55 146  59  57 148  19  52  80 114  88 121 112 175 151 154 110  86 113  94 157 110  62 110 154 108  88  67 160 134 127 116 122 158  55  99  86 100 108 151 147  35  90  30  57  25  62  47 119  40 114 151  38 154  18 106 102  95 109 124  47 119 143  54 106 136 101 118  51  58 137 132  27  10 117 111 160  52 124 152 130  30 150 155 107  59 157 117  18  65 138  78  95  99 146 108  77  69 101  63 186 106  64  68 132 134  49 171  91 130  69   4  61  34  54  34 116  86  15  95 174 120 125 118 120  74 130  36  42  68 105 164 190  45  99 118  93  34  96  49 146 157 110 113 117  23  81 116 154 127  92 144  96  84 116  58 115  92  30  10 104  42 137  73  49  89 115 156  95 112 153  62  79  87 156  57 126  67  53 104  52  63  14 151  51 128  51 128  56  89  99  93 115 117  64 104 112  97 116 137 147  87  66 121  50  37 121  22 114 106  95 142  85 138 118 126  97  27 170  55 134 140 100  87  71 118 115  16 123 134  67  41 154  79  78  42
 171 133  64  84 123  40  53  73 149 125 111 131 153  29  69  56 118 121 101  65  95   0  11 110  37 144 124  63  64 118 151  87 112  78  71 154  28  93  81 116  62 131  95  13  32  28 116  15 136  53  81  60 154 116 117 105 125 151  64  72 138  91  24 113 161 117  79 129  91 117 152  97 102  57  65 111  48  91 115 125  84 103 147  70  33  76  94  60 163 137  43  45  30  70  73  93  61  38 116  94 128  72 125  53  42 184  40 113  64  68  15  82 125 135  96  50  43  69  69   4 173  89  69 137 118  50 121  16 148 148 123  59 124  92  72  81 127  98 153  62  46 127  22  50  96  76 103 141  81 154  70  32 153 104 123  52 100  80 111  52  22  62 102  62  33  97 163 119  50 138  55  74 129  21 108  84  90  52  19  26  55  71 151  59 100  86  29  79 168  79 117  56 124 128 124  17 128 103  16  16  92 147 125 106 148 153 102  32 104  61 134  49  76 121  60  27 138  61  67 158 151  29  95 102 104  83  63 150 161 146 142 128  79 117 108  11  89 130  64  44 109 101  51 110 102  40  75 165  94 102  24  26 132 111  30 110 131  76 102  61 121 114
 182 140  71  95 133  44  64  81 155 127 115 141 157  20  70  60 115 130 111  57 106  11   0 106  48 150 132  72  57 127 162  84 123  87  78 161  33  95  83 112  53 132  99  22  29  32 115   5 146  54  76  61 163 125 116 107 129 157  63  64 148  96  31 119 169 117  75 140  97 128 162 108 111  67  64 122  47  88 125 125  94 108 155  75  31  76 103  60 168 148  45  35  31  71  83 102  56  28 126 105 133  74 125  63  37 190  31 124  56  59   9  90 125 141 107  58  32  75  74   6 178  93  76 147 125  59 116  13 159 158 127  54 134  85  77  80 136 109 164  72  56 138  13  56 107  81  97 146  82 161  71  41 158 114 133  60 104  72 104  63  24  62 108  72  36 107 168 119  50 145  54  85 138  11 107  85  96  42  22  34  55  80 158  64 110  96  29  88 174  87 127  61 129 128 132   7 129 112  27  24  88 158 129 115 158 161 111  43 114  52 145  44  85 124  69  33 145  66  68 166 161  29  99 108 107  82  55 159 171 153 153 138  80 128 113   3  95 133  70  34 112 103  54 120  97  50  73 171  99 109  35  18 138 122  20 112 140  86 100  67 129 124
 241 120  93 171 164  81 139 104 121  67  77 169 108 116  57  78  15 149 154  61 169 110 106   0 120 118 132 165  56 148 214  23 177 179 180 144  92  57  59   6  71  59  72 105 134 138  30 109 171 160  33  62 172 138  27  51  85 135  49  61 182  82 134 102 161  41  31 202  91 199 219 154 129 123  52 202 153  19 163  49 168  84 146  75  77 182 191 165 125 182 151  84 137 177 174 125  51 112 196 174 100  59  41 119  70 151 124 197  62  64  97 116  45 111 180 105 106  92 179 108 138  69  93 165 107 107  18 119 191 185  77  53 165  41  80  39 150 172 228 141 121 202 113 160 179  77  24 116 188 139 177 139 123 195 209 159  82  55  45 145 130  53  97 147  83 136 122  36  64 121  57 147 142 109  24  43  89  82 128 136  57 174 138 169 153 164 136 176 140 102 157 166  98  51 121 104  55 129 114 126  18 225  86 128 207 153 137 129 182  72 181 144 120  79 113 137 135 171  55 147 196  81  69  93  72  32  60 166 229 124 217 206  49 187  80 103  85  74 173 114  76  57  73 194  17 130 177 132  82 104 124  90 109 182  91  57 158 173  17 170 134 158
 137 107  43  53  86  40  20  45 125 114  96  94 133  66  66  46 124  86  64  91  60  37  48 120   0 120  93  47  88  82 115  97  75  60  68 124  30  85  73 126  92 124  81  27  63  48 116  52 100  73  99  59 119  82 119  99 108 123  71  99 101  73  39  89 129 114  93  94  69  85 116  60  69  21  69  83  72 101  78 120  52  85 116  57  51  93  71  81 140 100  65  77  54  87  55  60  81  75  83  60 106  67 123  18  65 158  76  82  91  96  48  50 121 112  64  23  80  47  74  41 148  76  47 101  94  22 135  51 111 111 109  78  87 115  56  84  92  63 120  26   9  93  59  56  64  61 120 116  97 126  88  33 128  77  93  46  81 106 134  25  49  67  78  29  39  62 141 118  57 112  64  38  97  58 111  83  69  84  45  39  63  56 123  66  63  51  56  56 141  53  81  62 103 123  96  54 121  70  21  35 105 115 107  74 111 121  67  15  70  91  97  80  42 105  28  44 108  68  67 129 114  46  82  80  89  89  88 115 126 121 108  95  77  82  91  47  70 118  65  81  93  92  48  78 118  10  98 141  76  77  18  59 108  76  63 101  95  53 107  60  89  77
 167  16  80 139  85 107 126  74   5  53  43  84  23 170  89  90 107  66  93 149 123 144 150 118 120   0  40 159 143  68 137 113 116 165 184  28 117  68  75 122 158  66  56 131 176 166  90 155  83 192 130  96  67  57  93  68  34  19 105 155  98  55 158  31  48  78 121 141  54 149 147  98  61 104 100 163 190 112  92  73 135  44  35  76 125 213 167 200  21  98 183 156 171 207 161  67 130 174 146 133  19  84  82 104 133  40 181 151 150 155 144  72  78   9 141  98 173  76 193 146  28  62  75  72  26  98 135 160 102  92  41 128  85 149  73  94  61 124 162 119 112 142 163 176 138  70 139   4 217  22 208 152   8 159 162 163  47 155 161 135 164 103  43 127 115  74  23  84 108  10 109 113  48 160  94  86  54 160 160 158 108 166  21 185  93 125 172 156  24  67  80 182  23  73  28 153  68  61 134 151 120 162  33  56 130  40  71 135 135 158  99 193  82  40  93 162  28 187  93  30 108 124  57  42  50 101 146  62 155   6 153 150  85 128  43 148  56  47 183 179  45  64  97 149 132 128 216  21  52  43 137 147  13 126 151  62  67 154 102 178  46  86
 129  24  62 102  46  93  94  52  44  77  57  45  63 152  86  78 125  26  54 146  84 124 132 132  93  40   0 125 141  28  98 120  76 130 152  32 100  76  76 137 153  92  60 111 154 142 108 138  45 166 134  90  40  17 111  83  57  33 103 154  60  52 133  31  37  98 125 101  44 109 108  59  25  74  98 124 165 120  52  95  98  48  23  68 114 186 130 174  60  60 158 147 147 179 126  33 128 159 106  94  42  83 105  75 125  69 164 112 147 152 128  43 100  37 102  74 160  59 163 127  62  64  58  36  28  74 150 140  65  57  65 125  46 154  63  99  22  85 122  86  84 102 145 147  99  63 148  38 189  35 181 125  46 121 122 132  50 156 169 103 141 100  35  94 101  37  62 104 101  30 104  78  11 143 109  92  46 152 137 132 103 132  32 156  54  88 149 121  53  46  40 152  41  97  14 137  92  25 111 128 128 123  56  20  91  29  33 107  96 153  60 172  51  61  66 137  16 158  91  36  71 111  63  39  60 107 143  34 116  37 114 110  88  88  53 130  49  74 152 165  58  75  87 109 142  99 191  56  50  29 111 134  36  87 138  78  30 118 115 146   6  46
 119 144  88  35 101  85  33  87 163 160 140 109 175  82 113  93 170 109  79 128  55  63  72 165  47 159 125   0 126 106 107 142  74  15  27 157  73 131 120 172 125 170 126  62  67  48 163  74 115  57 141 106 140 110 165 145 152 157 116 135 110 118  43 130 156 161 137  80 112  64 103  73 100  56 115  52  63 146  91 166  37 128 147 103  91  69  31  65 179 108  55 107  55  63  11  93 121  93  63  48 147 114 170  57 103 193  87  58 127 131  78  86 168 151  45  69 100  91  40  67 185 122  91 121 133  67 179  67 119 123 154 119 102 154 102 130 117  57 100  40  51  78  77  32  47 107 162 155  70 160  66  32 167  45  65  16 126 143 174  24  55 113 120  31  83  89 181 165 102 150 108  48 125  79 158 130 113 114  54  41 108   9 157  37  78  46  58  18 178  94  99  34 144 169 132  79 168 100  52  48 149  93 151 106 106 151  93  36  56 124 105  79  77 150  68  44 141  38 114 161 119  86 128 123 135 135 125 138 111 158  90  75 124  74 136  74 114 163  30  98 138 139  94  56 161  37  80 179 120 116  42  89 148  68  92 148 117  17 154  24 120  93
 223 139  83 142 159  55 108  95 147 102 100 165 141  62  55  64  69 149 141   6 146  64  57  56  88 143 141 126   0 147 199  39 159 141 135 162  59  75  68  61  16 101  87  65  81  89  76  58 169 108  23  50 178 140  75  80 113 156  38  13 176  91  88 116 176  83  28 181  97 173 202 140 127 100  43 171 100  43 154  92 140 100 160  72  37 129 156 112 156 176  99  28  87 125 136 120  13  57 171 149 124  59  88  95  23 181  68 170   8  12  49 108  89 134 153  83  50  85 131  61 168  81  86 166 122  85  62  68 186 182 107  15 160  28  78  50 152 150 207 114  93 181  60 113 152  78  41 139 135 160 124  96 150 164 181 116  97  18  47 111  81  41 107 117  51 129 154  81  41 141  36 124 149  56  67  58  95  26  79  90  37 135 158 121 140 139  85 140 167  98 151 118 120  95 134  53  97 128  74  80  39 203 113 129 194 167 132  92 158  17 173  89 108 107  94  90 149 123  50 167 190  42  86 105  93  45   4 173 212 147 196 183  58 168 100  54  92 110 127  58  98  81  55 167  43  96 122 162  93 112  85  39 131 162  38  87 159 138  57 124 140 151
 102  52  64  78  18  94  78  51  72 100  79  21  90 147  96  82 143   4  28 152  59 118 127 148  82  68  28 106 147   0  72 133  49 108 132  55  97  92  89 154 157 115  77 105 145 130 127 132  23 152 145  97  37  12 131 102  82  59 112 160  35  67 121  54  51 119 136  73  57  82  81  34  20  62 107  97 153 134  24 118  74  68  43  76 115 170 105 161  87  35 145 148 136 164 105  27 134 155  79  69  68  93 126  65 128  93 157  85 153 158 124  38 122  65  77  69 157  62 145 121  89  80  61  20  53  68 166 133  43  37  89 132  19 164  71 112  11  59  95  68  73  74 139 131  73  73 161  66 173  60 166 111  74  95  95 115  68 163 181  86 131 108  53  75 100  20  90 125 106  58 111  57  22 138 127 106  60 154 127 120 110 111  57 139  29  64 138  98  79  49  12 136  67 120  42 133 115  19 102 117 141  95  81  21  64  46  16  95  69 157  34 162  42  85  58 125  42 141 101  59  48 111  80  58  80 120 149  33  90  65  86  82 101  60  75 126  63  99 134 161  79  94  91  83 155  86 178  83  66  45 100 132  63  59 137  99  13  96 131 128  22  18
  30 122 122  73  53 145  99 110 140 172 150  54 160 179 158 139 211  72  60 204  57 151 162 214 115 137  98 107 199  72   0 195  40  99 129 117 142 160 154 219 206 187 146 142 169 150 196 166  55 164 203 156  77  83 200 171 154 124 171 212  39 135 143 126 103 188 196  28 125  46  12  60  88  99 167  65 169 197  51 188  71 138 105 139 163 175  86 172 154  39 161 192 157 169 100  90 189 189  45  60 140 156 196 104 177 153 187  52 204 209 163  98 193 135  62 116 194 122 145 156 152 147 121  65 124 114 231 163  38  48 161 186  53 222 134 175  77  53  29  90 108  30 172 139  60 137 222 136 174 123 172 130 142  68  53 122 138 217 241 102 155 167 124  90 149  78 158 194 161 127 167  78  89 172 195 171 128 199 153 141 166 107 122 144  61  66 161  91 142 112  60 141 139 190 113 169 186  87 135 143 204  33 153  91   7 104  78 120  51 205  38 184  94 157 105 145 109 145 161 119  33 158 149 128 150 183 200  80  18 133  26  37 165  35 145 162 131 170 135 195 150 163 147  54 218 112 187 149 135 116 128 174 134  41 178 169  70  90 197 131  93  57
 222 112  74 149 148  58 117  85 116  67  70 153 107  95  38  57  32 134 135  45 148  87  84  23  97 113 120 142  39 133 195   0 157 156 157 136  69  46  44  29  55  63  61  82 112 115  37  87 156 138  18  40 160 124  36  46  80 128  26  48 166  68 111  91 152  44  11 182  77 178 200 135 113 102  30 180 131   4 146  54 146  74 136  57  54 160 169 143 123 166 128  64 115 155 151 108  30  92 175 153  94  40  49  97  48 149 103 176  46  49  75  98  51 105 159  83  86  74 156  85 136  56  74 151  97  85  38  96 175 169  74  31 149  36  62  21 136 152 208 119  98 181  91 137 157  60  28 110 166 132 155 116 119 173 187 135  71  44  49 122 108  30  84 125  60 118 121  43  41 113  34 126 130  87  28  28  74  64 105 113  34 151 131 146 134 143 113 153 136  84 140 143  91  56 110  82  60 114  91 103   9 205  81 113 189 143 120 106 161  56 164 123 101  74  92 114 125 148  34 140 180  58  58  81  63  13  43 154 210 118 197 185  32 167  71  81  71  74 150  95  68  49  51 172  23 107 155 130  70  91 101  68 102 162  70  53 143 150  18 146 121 141
  65 100  84  40  34 105  60  73 120 141 120  41 138 139 120 100 175  51  25 163  19 112 123 177  75 116  76  74 159  49  40 157   0  71  99 103 102 125 118 183 166 156 112 102 131 113 162 127  46 130 164 117  73  59 165 137 126 107 132 172  37 101 105  97  95 155 157  27  91  33  43  23  58  59 128  50 134 159  25 156  37 107  91 101 123 143  63 138 136  35 125 152 120 137  69  57 149 150  30  27 114 118 163  64 137 141 148  37 164 169 123  62 160 112  33  76 155  84 114 116 137 112  84  55  98  74 194 124  45  50 131 147  35 183  97 138  58  17  52  50  68  27 133 105  30 100 184 114 144 108 140  93 123  49  46  88 106 177 201  64 117 128  93  52 109  46 139 161 122 106 128  38  71 133 160 134  94 159 115 103 127  77 106 111  25  29 123  61 128  76  37 108 112 158  89 129 155  58  96 105 166  50 125  62  36  92  48  81  23 165  32 147  56 127  66 108  90 113 123 106  44 118 115  97 118 145 160  73  53 114  41  34 128  12 114 122  97 141 104 156 118 129 108  35 180  73 154 132 102  86  89 134 110  11 138 136  54  60 160  99  70  31
 108 150  98  31 101  99  43  96 170 170 150 109 182  96 126 105 183 111  80 143  52  78  87 179  60 165 130  15 141 108  99 156  71   0  30 161  87 143 132 186 140 181 137  77  80  62 176  89 114  67 155 119 140 114 178 157 161 162 130 150 107 128  58 138 159 173 151  72 121  54  94  74 105  65 128  39  74 160  90 178  35 138 150 115 106  75  17  75 186 106  67 122  68  70   5  98 136 107  54  43 155 127 182  67 118 198 101  48 142 146  93  94 180 158  38  80 115 102  45  82 191 133 102 121 141  78 193  81 115 120 164 133 102 169 113 143 119  54  89  47  62  69  92  43  41 118 177 162  75 165  73  47 173  33  53  29 135 158 188  35  70 127 128  38  97  93 188 177 116 156 122  52 129  94 171 143 122 129  69  55 122   9 162  45  79  45  72  10 183 103 100  44 152 181 138  94 179 105  67  63 163  82 160 111  99 154  97  50  50 139 103  92  84 160  78  58 146  46 127 165 115 101 139 131 145 148 140 139 101 165  80  65 137  68 146  89 124 173  36 112 148 150 108  46 175  50  88 185 130 124  57 104 155  63 107 159 118  12 167  32 124  93
 136 170 110  59 128 102  59 111 189 182 164 136 199  80 132 113 186 136 106 135  80  71  78 180  68 184 152  27 135 132 129 157  99  30   0 184  89 152 140 186 130 191 149  75  62  47 181  78 141  42 152 123 167 137 183 166 175 184 132 141 136 141  47 155 183 180 150 101 136  83 123 100 126  81 131  67  50 161 117 187  63 152 173 125 103  46  44  48 205 134  45 112  51  41  30 119 132  91  84  72 172 133 189  81 113 220  83  77 134 137  86 112 188 177  68  91 100 114  16  74 211 144 115 147 159  90 192  68 144 149 177 130 128 163 124 147 144  82 117  66  74  99  78  22  71 129 174 181  46 186  44  41 193  62  81  23 149 150 182  49  55 129 144  58  98 115 206 184 117 176 123  75 152  81 175 148 137 118  56  45 123  23 184  19 105  72  54  39 204 119 126  19 169 190 158  83 189 127  66  55 162 110 175 132 128 177 120  54  79 129 131  69 102 173  93  45 168  19 131 188 144  99 150 147 157 151 133 164 130 184 109  94 143  97 159  80 137 186   9  95 161 160 113  76 173  59  59 205 143 142  57  96 173  92  98 169 144  40 170  10 147 120
 147  24  90 133  69 120 126  81  28  80  67  65  49 181 107 104 134  52  83 169 114 154 161 144 124  28  32 157 162  55 117 136 103 161 184   0 128  91  95 147 176  93  76 140 185 173 116 167  63 197 152 113  42  47 119  93  60   9 124 175  78  71 164  46  20 105 143 126  67 136 128  89  57 106 119 153 196 136  78 100 128  63  12  92 140 217 160 206  38  79 189 172 178 211 158  65 149 187 133 124  43 103 110 107 150  38 193 140 170 174 156  74 105  33 132 104 187  86 194 157  35  82  85  52  40 105 161 170  80  70  68 147  69 172  87 116  45 114 144 118 115 127 174 178 128  85 163  29 220   7 212 156  28 150 149 164  66 176 185 135 172 121  56 126 128  69  42 111 125  23 127 109  33 172 120 108  68 177 168 163 126 163   6 187  84 118 179 152  25  75  66 184  46 100  30 165  95  57 141 158 144 145  59  52 110  14  64 139 124 176  80 202  83  66  97 168  16 190 112   4  86 138  78  57  73 124 166  38 135  22 136 136 106 114  65 159  71  74 184 193  68  88 112 138 156 131 222  32  69  52 142 161  35 114 165  87  50 149 127 178  37  73
 165 107  38  83 106  14  50  48 122  98  84 113 125  53  43  28  97 100  86  62  88  28  33  92  30 117 100  73  59  97 142  69 102  87  89 128   0  66  54  98  64 105  68  16  59  54  93  38 118  79  69  35 132  94  94  79  97 124  43  70 122  64  47  86 137  92  64 123  64 115 144  83  79  42  42 113  75  73  99  99  81  76 122  43  21 102 100  87 136 122  70  51  56  96  82  71  51  59 112  90 100  46 101  38  36 157  64 112  62  67  28  59 100 108  94  28  61  42  91  29 145  62  43 117  92  29 106  43 132 130  96  48 107  85  45  58 105  91 149  55  34 122  46  71  93  49  90 113 107 128  97  48 125 107 123  67  72  77 104  54  49  40  75  59   9  77 135  95  28 112  35  65 106  43  86  60  63  58  45  48  35  82 125  81  85  80  56  85 141  54  99  78  97 102  98  37 102  80  23  39  76 144  97  83 137 128  81  37  99  64 119  76  55  93  39  51 112  83  42 133 136  17  68  75  76  62  59 128 154 120 137 124  54 110  81  31  62 103  83  65  81  74  25 108  88  38 102 138  67  76  32  35 105 103  40  84 110  82  81  79  97  97
 189  67  46 127 109  53 100  53  72  32  25 113  67 113  25  39  51  93 101  81 121  93  95  57  85  68  76 131  75  92 160  46 125 143 152  91  66   0  12  62  90  39  16  82 124 120  37 100 115 145  62  34 115  82  40  14  38  83  38  87 127  25 113  46 107  31  53 151  35 151 166 102  73  80  34 157 141  45 109  35 124  28  91  28  65 168 152 153  81 127 136  92 122 162 138  70  62 114 148 127  49  21  40  76  69 106 123 151  83  87  87  63  37  60 135  63 111  43 156  93  93  13  43 108  51  65  75 107 135 128  33  61 110  81  30  26  93 123 177  99  81 151 106 137 132  26  73  65 173  87 163 113  75 151 162 129  26  87  95 108 115  37  40 106  60  81  79  36  46  68  44 101  86 103  35  18  33  95 111 114  44 140  85 146 100 117 122 137  92  49 101 143  46  38  65  96  37  74  89 105  53 174  38  72 153  98  82  98 134  91 125 139  69  32  67 117  80 149  28  94 140  66  13  37  18  33  79 110 176  73 166 157  17 136  26  92  29  38 148 119  23   8  42 147  66  95 168  87  26  48  96  86  57 132  90  17 101 134  39 143  78 104
