m11.atsp
11
0  29  82  46  68  52  72  42  51  55  29
29   0  55  46  42  43  43  23  23  31  41
82  55   0  68  46  55  23  43  41  29  79
46  46  68   0  82  15  72  31  62  42  21
68  42  46  82   0  74  23  52  21  46  82
52  43  55  15  74   0  61  23  55  31  33
72  43  23  72  23  61   0  42  23  31  77
42  23  43  31  52  23  42   0  33  15  37
51  23  41  62  21  55  23  33   0  29  62
55  31  29  42  46  31  31  15  29   0  51
29  41  79  21  82  33  77  37  62  51   0
251