m15.atsp
15
 0  29  82  46  68  52  72  42  51  55  29  74  23  72   5
29   0  55  46  42  43  43  23  23  31  41  51  11  52   5
82  55   0  68  46  55  23  43  41  29  79  21  64  31  24 
46  46  68   0  82  15  72  31  62  42  21  51  51  43  12
68  42  46  82   0  74  23  52  21  46  82  58  46  65  12
52  43  55  15  74   0  61  23  55  31  33  37  51  29   8
72  43  23  72  23  61   0  42  23  31  77  37  51  46   8
42  23  43  31  52  23  42   0  33  15  37  33  33  31   0
51  23  41  62  21  55  23  33   0  29  62  46  29  51   0
55  31  29  42  46  31  31  15  29   0  51  21  41  23   5
29  41  79  21  82  33  77  37  62  51   0  65  42  59   5
74  51  21  51  58  37  37  33  46  21  65   0  61  11   5
23  11  64  51  46  51  51  33  29  41  42  61   0  62   5
72  52  31  43  65  29  46  31  51  23  59  11  62   0  24
 8   8  50   6   6   0   0   8   8   8   8   8   8  50   0
259