m8.atsp
8
0  81  50  18  75  39 107  77
81   0  76  21  37  26  34  58
50  76   0  24  14  58 100  68
18  21  24   0  19  58  68  62
75  37  14  19   0  31  60  65
39  26  58  58  31   0  64  21
107  34 100  68  60  64   0  15
77  58  68  62  65  21  15   0
202