m9.atsp
9
0  81  50  18  75  39 107  77  87
81   0  76  21  37  26  34  58  66
50  76   0  24  14  58 100  68  33
18  21  24   0  19  58  68  62  84
75  37  14  19   0  31  60  65  29
39  26  58  58  31   0  64  21  42
107  34 100  68  60  64   0  15  55
77  58  68  62  65  21  15   0  17
87  66  33  84  29  42  55  17   0
215