tsp225.tsp
225
   0 221  29  50  54  74  79  91 111 134 159 178 198 192 188 181 179 151 149 177 206 208 216 223 235 246 232 263 247 241 221 206 223 229 228 210 191 173 157 136 122 108 102 123 141 121 221 154 200 185 201 190 196 212 206 212 210 231 230 251 252 266 268 282 286 273 277 256 259 239 245 239 242 223 231 222 254 261 272 287 295 333 326 337 346 357 338 325 312 322 310 314 296 303 287 279 268 255 266 259 277 271 290 287 306 301 315 313 320 313 309 295 293 286 285 265 265 285 299 321 321 342 344 347 354 362 370 380 388 365 376 399 192 436 455 480 475 488 494 492 486 500 487 473 468 447 445 432 418 400 404 421 435 437 444 448 461 446 470 457 460 453 459 414 405 399 393 379 375 372 371 392 392 413 321 449 470 470 441 420 399 377 468 335 313 292 271 249 215 207 186 172 147 122 101 161  59  38 184  15 493 237 163 259 201 231 208 229 292 346 370 383 433 386 423 234 243 139 239 293 311 376 275 176 213
 221   0 193 171 171 150 151 155 166 180 197 211 227 241 252 247 258 240 259 275 292 272 248 235 220 210  31 200 180 173 147 156 185 191 181 209 192 176 162 144 134 124 121 100  81 100  14  68  21  39  23  52  68  61  41  38  26  23  16  32  36  48  56  67  81  71  83  74  81  79  92  93 100 104 118 121 168 166 180 178 189 194 183 187 200 205 172 147 140 160 156 162 158 170 169 156 157 136 135 121 123 109 115 108 118 107 116 111 116  99  90  77  73  66  64  44  46  66  80 101 100 121 124 131 144 162 176 195 209 195 214 227  32 253 267 287 278 289 295 291 282 294 274 261 253 233 230 217 204 188 194 210 223 226 233 239 252 252 266 255 259 254 263 227 211 201 190 164 158 152 150 171 172 193 100 228 249 251 222 202 180 159 277 118  97  77  58  40  29  20  46  57  79 104 124  66 166 187  40 222 283 167 266 202  35 160  13 227 169 185 204 172 242 178 243 140 154  87 147 111 190 202  54  47  16
  29 193   0  22  30  47  55  71  95 121 148 169 190 186 185 178 178 149 152 180 208 206 209 214 223 232 204 246 229 223 201 188 207 213 211 198 178 159 140 117 100  83  74  95 113  93 192 125 172 156 173 162 170 185 178 185 182 203 202 222 223 238 240 254 259 245 250 230 233 213 220 213 217 199 208 199 234 241 252 267 275 311 303 314 323 334 314 299 287 298 286 290 273 281 265 257 246 232 243 235 253 245 264 261 280 275 288 286 293 285 281 267 265 258 257 237 236 256 271 292 293 314 316 319 326 336 344 355 364 341 353 375 164 411 430 455 449 462 468 465 460 473 459 446 440 419 418 404 390 373 377 394 408 410 416 421 434 420 444 431 433 427 433 388 379 373 366 351 347 344 342 364 363 385 292 420 441 441 413 392 370 349 442 306 285 264 242 221 187 178 157 143 119  94  72 133  32  16 155  32 465 218 166 243 172 212 180 218 271 322 347 356 407 359 399 213 223 110 218 267 290 352 247 147 185
  50 171  22   0  21  30  41  60  88 115 144 165 186 185 186 178 180 152 157 184 212 207 206 209 216 223 183 235 217 211 187 175 197 204 200 192 171 150 131 105  87  65  54  74  91  71 171 104 150 135 151 142 151 166 157 164 160 182 180 201 202 216 219 233 238 225 230 210 213 194 201 195 199 182 191 183 221 227 239 252 261 295 287 298 307 318 296 281 268 280 269 273 257 265 250 241 231 216 226 217 235 227 245 242 261 255 268 266 272 264 260 246 244 236 235 215 215 235 249 271 271 292 295 298 306 316 324 336 345 323 336 357 142 393 411 436 429 442 449 446 440 453 439 425 419 398 397 383 369 352 356 373 387 389 396 400 414 401 424 411 414 407 414 370 359 353 346 330 326 323 321 342 342 363 271 399 420 420 391 370 349 327 423 285 263 242 221 200 166 157 136 122  98  72  52 111  16  21 134  52 445 205 171 232 151 199 158 212 255 305 329 335 388 339 381 198 209  89 203 248 275 334 225 126 163
  54 171  30  21   0  21  26  41  67  95 123 144 165 164 165 157 159 131 137 164 192 186 186 188 196 204 185 217 199 193 171 158 178 185 182 171 151 131 112  87  70  54  50  71  93  74 172 106 150 133 150 136 142 158 152 159 157 179 178 199 200 214 215 229 233 219 223 202 205 185 191 185 188 169 178 169 204 211 222 237 245 281 274 285 293 305 284 271 258 268 257 261 243 251 235 227 216 202 213 205 223 216 236 233 252 247 261 259 266 260 257 243 242 235 235 215 216 235 250 271 271 292 292 295 300 308 316 326 334 312 323 345 144 382 401 426 420 434 440 437 432 445 433 419 414 393 392 378 364 347 350 367 381 383 390 394 407 392 416 403 406 399 405 360 350 345 338 326 323 321 320 342 342 364 271 399 420 421 393 372 350 329 414 287 265 245 223 202 169 158 140 126 103  79  61 116  36  38 135  61 439 188 151 213 154 182 158 192 241 292 317 329 379 332 370 182 193  95 188 239 260 322 225 127 164
  74 150  47  30  21   0  15  36  64  92 121 142 164 165 168 160 164 137 146 172 198 190 185 186 190 196 165 207 188 182 158 147 169 176 172 166 145 124 104  77  58  36  29  50  73  54 151  85 129 112 129 116 123 138 132 138 136 158 157 178 179 193 195 208 212 199 203 183 185 166 172 166 170 152 162 153 191 198 209 223 231 265 257 268 277 288 267 252 239 251 240 244 227 236 220 211 202 186 197 188 206 198 217 214 233 227 241 239 246 239 236 222 221 214 214 194 195 215 229 250 250 271 271 274 280 288 296 307 316 294 306 328 123 364 382 407 401 414 421 418 413 426 413 399 394 373 371 358 344 326 330 347 361 363 370 374 387 373 396 383 386 380 386 341 331 325 319 305 302 300 299 321 321 343 250 378 399 400 372 351 329 308 395 266 245 224 203 182 148 137 119 106  83  61  46  96  38  50 114  79 419 176 159 204 134 170 137 187 226 275 300 309 360 312 352 168 179  76 174 220 246 304 204 107 144
  79 151  55  41  26  15   0  21  50  78 106 128 149 151 154 146 150 124 134 159 185 176 171 171 176 182 169 194 176 169 146 134 156 163 159 152 131 110  90  64  46  29  32  52  78  61 154  90 130 113 129 113 117 133 129 136 136 157 157 178 178 193 193 207 210 196 199 178 180 160 166 159 162 144 152 144 180 187 198 212 220 255 248 259 268 279 259 245 232 243 231 235 218 226 210 201 191 177 188 180 198 191 211 208 227 223 237 235 242 237 235 221 221 214 214 194 197 216 231 252 250 271 271 272 276 284 291 301 309 286 298 320 126 357 375 401 395 409 415 413 408 421 409 395 391 370 369 355 341 323 326 343 358 359 366 370 383 366 392 378 381 374 380 334 325 320 314 303 300 299 299 321 322 344 251 379 400 402 373 353 331 310 388 268 247 227 206 185 152 140 124 112  91  71  58 103  52  61 118  87 414 164 146 191 138 158 138 173 215 267 292 306 354 308 344 157 168  84 163 214 235 297 204 110 146
  91 155  71  60  41  36  21   0  29  57  85 107 128 130 133 126 131 105 117 140 166 155 150 150 156 163 176 176 158 152 131 117 137 144 141 132 111  90  71  46  32  32  46  61  90  75 160 100 135 117 133 112 113 129 129 136 137 158 159 180 179 194 193 207 207 193 195 173 175 154 158 151 153 134 141 131 164 171 182 197 204 242 235 247 255 267 249 237 224 233 220 224 206 213 196 188 177 164 176 169 188 183 203 201 221 218 232 231 238 235 235 221 223 215 217 197 202 221 235 256 252 273 271 271 273 278 284 292 299 276 286 309 134 347 366 393 387 401 408 405 401 414 405 391 388 366 366 352 337 319 322 339 354 355 362 365 378 358 385 372 374 367 372 325 318 313 308 300 299 299 301 322 325 347 254 382 402 405 377 356 335 314 380 273 252 232 212 192 161 147 134 123 104  87  77 114  72  79 126 100 409 147 128 172 147 141 143 152 202 256 281 302 345 304 334 143 153  98 148 207 221 287 207 119 153
 111 166  95  88  67  64  50  29   0  28  57  78 100 102 106  99 105  81  96 117 140 128 121 122 128 137 189 152 136 131 112  96 112 119 117 104  84  64  46  29  32  51  70  81 110  99 172 118 147 128 142 117 113 129 133 140 144 165 167 187 185 199 196 210 207 193 193 171 171 150 151 144 145 124 128 118 144 152 162 178 185 226 220 233 239 252 237 228 214 221 208 211 191 197 179 172 160 150 163 158 178 175 196 195 215 214 228 228 235 236 239 225 228 221 224 205 211 230 243 264 258 278 274 271 271 273 276 283 288 264 272 296 148 336 356 383 378 392 399 397 394 408 401 387 385 364 363 349 335 317 318 336 350 351 358 359 373 349 378 365 366 359 363 315 309 306 303 299 300 302 306 327 332 352 261 387 407 411 383 363 342 322 369 282 262 242 223 204 175 160 151 141 125 111 104 134 100 106 141 122 404 126 106 148 163 121 154 124 185 243 268 299 336 300 323 127 135 120 131 202 203 275 215 135 165
 134 180 121 115  95  92  78  57  28   0  29  50  72  75  80  73  81  61  79  96 117 102  93  94 102 112 206 131 117 112  99  80  91  96  96  77  58  40  29  35  51  77  97 105 133 124 188 140 163 143 157 129 120 135 144 150 156 175 179 197 194 208 203 216 211 197 195 173 172 151 150 143 143 121 122 111 127 137 144 163 168 212 208 221 226 240 228 223 208 212 199 201 180 185 165 160 147 140 154 151 172 171 193 193 214 214 228 229 236 240 245 232 237 230 234 216 224 242 255 274 266 286 280 275 271 271 272 276 280 254 261 286 166 327 347 375 371 386 392 391 389 403 399 385 385 363 363 349 335 317 317 335 349 349 356 357 371 342 373 359 361 354 356 307 303 301 300 301 303 307 313 334 340 360 270 394 414 419 392 372 352 332 361 293 274 255 237 219 193 177 171 162 149 137 131 156 129 133 160 146 400 109  87 126 182 105 169  97 172 232 257 299 328 299 313 115 120 144 118 200 188 266 225 154 182
 159 197 148 144 123 121 106  85  57  29   0  22  43  48  56  50  61  50  71  79  96  77  64  66  77  91 225 112 102  99  93  72  73  77  80  52  36  29  35  57  77 104 124 131 158 151 206 164 181 163 174 145 133 147 158 164 172 190 194 211 207 220 214 226 218 205 201 180 178 157 154 147 145 124 122 111 116 126 131 151 155 202 199 212 216 230 223 221 207 208 194 195 173 176 155 152 138 136 150 150 171 172 194 195 215 218 232 233 240 248 255 242 248 242 247 230 240 256 269 287 277 296 288 282 275 271 271 272 274 248 252 278 187 320 341 369 366 381 388 387 386 400 399 385 386 365 365 352 337 319 318 336 350 350 357 356 370 337 371 357 357 350 352 302 300 299 299 305 309 315 323 343 351 370 282 403 423 428 402 382 363 344 355 306 288 271 254 237 213 196 194 186 174 164 159 180 157 160 181 172 399  97  74 107 203  95 187  70 162 225 250 302 323 301 306 110 112 170 111 202 176 260 239 176 201
 178 211 169 165 144 142 128 107  78  50  22   0  22  30  42  38  51  52  72  72  83  60  43  45  60  77 240 102  95  94  94  73  66  68  73  36  29  36  51  77  97 124 145 151 178 171 222 183 197 179 190 160 145 158 172 177 186 203 207 223 219 231 224 236 226 214 208 188 185 166 160 153 151 131 126 116 111 122 124 145 148 197 195 208 211 225 221 222 208 207 193 193 171 172 151 150 136 136 150 152 173 176 197 199 219 223 237 239 245 255 264 252 259 253 259 243 253 269 281 298 287 306 296 288 280 274 271 271 271 245 248 274 203 316 337 365 364 379 386 385 385 399 400 386 389 367 369 355 341 323 320 338 353 352 359 357 371 335 370 356 356 349 350 300 299 299 301 310 315 323 331 351 360 379 293 411 431 436 411 392 373 354 352 318 300 284 267 252 229 212 211 204 193 185 180 199 179 182 198 192 399  93  71  95 220  93 202  51 158 222 246 306 321 304 302 111 110 190 110 206 170 257 251 194 217
 198 227 190 186 165 164 149 128 100  72  43  22   0  21  36  36  50  61  80  71  74  47  22  26  48  67 256  95  93  93  99  80  64  64  72  29  36  52  70  97 118 145 166 171 198 192 238 203 214 196 206 176 160 172 187 192 202 217 222 237 232 244 235 247 236 224 217 198 194 176 169 163 159 141 134 124 110 121 121 143 144 193 193 207 208 222 221 225 211 208 194 193 172 171 150 150 136 140 154 158 178 183 203 205 225 230 244 246 253 264 275 263 271 265 272 256 268 283 294 311 299 316 306 296 286 278 274 271 271 244 245 271 221 314 335 364 363 378 385 385 385 399 403 389 392 371 373 359 345 328 324 342 356 355 362 359 373 335 371 357 356 349 349 299 300 301 304 316 323 331 341 360 370 389 305 420 439 446 420 402 383 365 350 331 314 298 282 267 246 229 230 223 213 206 202 219 200 203 217 212 400  94  74  88 238  95 219  35 157 221 244 311 321 308 300 116 112 210 114 212 166 257 264 212 233
 192 241 186 185 164 165 151 130 102  75  48  30  21   0  15  16  29  46  62  51  54  30  25  41  67  88 270 115 114 114 119  99  85  85  93  50  54  66  81 105 124 151 171 179 206 198 252 212 227 209 220 190 175 188 202 207 216 232 237 253 249 261 253 265 254 242 236 216 213 194 188 181 178 159 153 143 131 142 142 164 164 214 214 228 228 243 242 246 232 229 215 214 193 192 171 171 157 161 174 178 198 202 223 225 245 250 263 266 272 283 293 281 288 282 288 272 283 299 310 328 316 334 324 316 306 298 295 292 292 265 266 292 233 335 356 385 384 399 406 406 406 420 423 409 413 392 393 380 366 348 345 363 377 375 382 380 394 356 392 378 377 370 370 320 321 322 325 336 342 350 360 379 388 407 322 439 458 465 439 420 402 383 371 347 330 314 297 282 259 242 241 233 222 212 206 228 200 200 228 206 421 114  54 109 250 116 232  54 178 242 265 331 342 329 321 136 133 218 134 232 187 278 280 224 247
 188 252 185 186 165 168 154 133 106  80  56  42  36  15   0   8  16  39  51  36  41  22  35  54  81 102 280 130 128 128 133 113 100 100 107  64  68  77  91 112 131 156 176 185 213 204 262 219 237 218 230 200 186 200 213 218 227 244 248 265 261 273 265 277 268 255 249 229 226 207 201 195 192 172 167 156 146 157 157 178 179 229 228 242 243 257 257 260 246 243 229 228 207 207 185 186 172 175 188 192 212 216 237 239 259 263 277 279 286 296 306 293 300 294 300 284 294 310 322 340 329 347 338 329 320 313 309 307 306 280 280 307 242 350 371 399 399 413 420 420 420 434 438 424 427 406 408 394 380 362 359 377 391 390 397 395 409 370 406 392 392 385 385 335 335 336 339 350 356 364 373 392 401 420 334 453 472 478 452 433 414 396 385 359 342 325 308 292 268 252 249 241 228 217 210 235 201 199 237 203 435 129  42 123 259 130 243  67 193 257 280 345 356 343 335 150 147 224 148 246 201 292 292 232 256
 181 247 178 178 157 160 146 126  99  73  50  38  36  16   8   0  14  32  46  36  46  29  40  58  84 104 275 131 128 128 131 111 100 100 107  64  66  73  85 106 124 149 169 178 206 197 256 213 232 213 225 195 182 196 208 214 222 239 243 260 256 269 261 274 264 252 246 226 223 204 198 192 189 169 164 154 146 157 157 179 180 229 228 242 244 258 257 259 245 242 228 228 207 207 185 185 171 173 187 190 211 214 235 237 257 261 275 277 284 293 302 290 297 290 296 280 290 306 318 336 325 344 334 326 318 311 308 306 306 280 281 307 237 350 371 400 399 413 420 420 420 434 437 423 426 405 406 392 378 361 358 375 390 389 396 394 408 370 406 392 392 385 385 335 335 336 338 348 353 361 369 389 398 417 331 450 469 475 449 430 411 392 386 355 337 320 303 287 263 246 243 235 222 210 202 229 193 192 231 195 435 128  38 124 253 129 237  70 193 257 280 343 356 341 336 148 146 218 147 244 202 292 288 226 251
 179 258 178 180 159 164 150 131 105  81  61  51  50  29  16  14   0  29  36  22  36  29  51  70  97 117 285 145 142 142 145 124 114 114 121  78  79  86  96 115 132 156 175 185 214 203 267 221 242 223 235 206 193 207 219 225 233 251 255 272 268 281 274 286 277 264 259 239 236 216 211 205 202 182 178 167 160 171 171 193 194 243 242 256 258 272 271 273 258 256 242 242 221 221 199 199 185 187 201 203 225 228 249 250 271 274 288 290 297 306 315 302 309 302 308 291 301 317 329 348 337 356 347 340 331 325 322 320 320 294 295 321 246 364 385 413 413 427 434 434 434 448 451 437 440 419 420 406 392 374 372 389 404 402 409 408 422 384 420 406 406 399 399 349 349 350 352 361 367 374 382 402 410 430 343 462 482 487 461 442 423 404 400 367 349 332 314 298 273 256 252 243 229 216 207 237 195 193 240 193 449 142  26 138 262 143 248  83 207 271 294 357 370 355 350 162 160 225 161 257 216 306 300 235 261
 151 240 149 152 131 137 124 105  81  61  50  52  61  46  39  32  29   0  22  36  61  57  71  86 109 127 267 153 146 145 142 121 117 119 124  86  79  78  83  96 110 132 150 162 191 179 249 199 223 204 218 190 179 194 204 210 217 236 239 257 254 267 262 275 268 254 250 230 228 207 203 197 195 174 172 161 162 173 176 197 199 248 246 260 262 276 271 271 256 256 242 243 222 223 202 200 186 185 199 199 221 222 244 245 265 268 282 283 290 297 304 291 296 289 294 277 285 302 315 334 325 345 337 331 325 321 320 320 322 296 299 325 226 367 388 416 415 429 436 435 435 449 448 435 436 415 415 402 387 369 368 386 400 399 406 406 420 386 420 406 406 399 400 350 349 349 349 355 359 364 371 392 399 419 330 452 472 477 450 431 411 391 403 353 334 316 298 280 253 238 231 222 206 191 181 215 167 164 220 165 448 144  26 147 242 143 230  97 209 273 297 352 372 351 353 160 160 201 160 252 221 308 285 214 243
 149 259 152 157 137 146 134 117  96  79  71  72  80  62  51  46  36  22   0  29  57  64  86 103 127 147 284 173 167 166 164 143 138 140 145 106 101 100 103 114 126 146 162 176 205 192 266 214 241 222 235 208 199 214 223 229 236 255 258 277 274 287 282 295 288 275 271 250 249 228 225 218 216 195 193 182 183 194 197 218 220 269 267 281 283 298 293 292 278 278 264 264 243 244 223 222 208 207 221 221 242 244 265 266 287 289 303 304 311 318 324 311 316 309 314 296 304 321 334 353 345 365 358 352 346 343 342 342 343 317 320 346 243 389 409 438 436 451 458 457 456 470 470 456 457 436 437 423 409 391 389 407 421 421 428 427 441 407 441 427 428 421 422 372 370 370 370 376 380 385 392 412 419 439 349 473 493 497 470 451 431 411 424 372 353 335 316 298 270 255 247 237 220 203 191 229 173 167 236 163 470 165  15 167 258 164 248 115 231 294 318 373 393 372 374 181 182 214 181 273 242 329 305 230 260
 177 275 180 184 164 172 159 140 117  96  79  72  71  51  36  36  22  36  29   0  29  40  70  90 118 138 301 166 164 164 166 145 135 135 143 100 100 106 114 131 146 168 185 198 227 215 283 235 258 239 252 223 212 226 237 243 251 269 272 290 287 299 293 306 297 284 279 259 256 236 232 225 223 202 198 188 181 192 193 214 215 265 264 278 279 293 292 294 280 278 264 264 242 242 221 221 207 208 222 225 246 249 269 271 292 295 309 311 318 326 334 322 328 321 327 309 319 335 348 366 357 376 367 360 352 346 343 342 342 315 316 343 261 386 407 435 434 449 456 456 456 470 472 458 461 440 441 427 413 395 393 411 425 424 431 429 443 406 441 427 427 420 420 370 370 371 373 382 387 394 402 422 430 450 362 482 502 507 481 462 442 423 421 386 367 349 332 314 288 272 267 257 242 227 216 250 200 195 255 192 470 164  14 159 277 164 264 104 228 292 315 378 392 376 371 183 182 236 182 278 237 328 318 250 277
 206 292 208 212 192 198 185 166 140 117  96  83  74  54  41  46  36  61  57  29   0  29  64  86 114 135 320 164 165 166 173 153 138 137 145 102 108 118 131 151 168 191 210 221 250 239 302 257 277 258 270 241 227 241 254 259 268 285 289 306 302 314 306 319 309 296 290 271 267 248 242 236 233 213 207 197 183 194 193 214 214 264 264 278 278 292 294 299 285 281 267 266 245 243 222 223 210 214 228 232 252 256 277 279 299 304 317 320 326 337 347 335 342 335 342 325 335 351 363 381 370 388 379 370 360 352 347 344 342 316 315 342 282 385 406 434 434 449 456 456 457 471 476 462 466 445 447 433 419 402 398 416 430 429 435 433 447 406 443 429 428 421 421 371 372 374 378 390 396 405 414 433 442 462 376 494 513 519 493 474 455 437 420 401 383 366 349 333 308 292 288 279 265 252 242 273 228 223 276 220 473 167  43 157 298 169 283 100 229 293 315 385 392 382 370 190 186 260 188 286 236 328 333 271 296
 208 272 206 207 186 190 176 155 128 102  77  60  47  30  22  29  29  57  64  40  29   0  36  57  86 107 300 135 137 138 147 127 110 109 118  74  83  96 111 134 153 178 198 207 235 226 282 241 257 239 250 220 205 218 232 237 246 262 267 283 279 290 282 294 283 271 264 245 242 223 216 210 207 188 181 171 155 166 164 186 185 235 235 249 249 264 266 271 257 253 239 238 216 215 193 195 182 187 200 205 225 230 250 253 272 277 291 293 300 312 322 310 318 312 318 302 313 329 340 357 346 364 353 344 333 324 319 315 314 287 287 313 263 356 377 406 406 420 427 428 428 442 448 434 438 418 419 406 392 374 371 388 402 401 407 405 419 378 415 401 400 393 392 342 344 346 350 363 370 379 388 407 417 436 352 468 487 493 468 449 431 412 392 377 360 344 327 312 289 272 270 263 250 239 232 257 222 221 258 222 445 139  51 128 279 142 262  71 201 264 287 358 364 355 342 163 159 246 161 259 208 300 310 253 277
 216 248 209 206 186 185 171 150 121  93  64  43  22  25  35  40  51  71  86  70  64  36   0  22  50  71 277 100 102 104 115  97  77  74  84  41  55  73  92 119 140 167 188 194 220 214 259 225 235 217 227 197 180 191 207 212 222 237 242 256 252 262 254 265 253 241 233 215 211 193 185 180 176 158 150 141 120 131 129 150 150 200 200 214 214 228 231 237 223 218 204 203 182 179 158 160 147 153 167 172 192 197 217 220 239 245 258 261 267 281 292 281 289 283 290 276 287 302 313 329 316 334 322 312 300 290 285 280 278 252 251 278 243 321 342 370 370 385 392 392 393 407 413 399 404 383 385 372 358 341 336 354 368 366 373 370 384 342 379 365 365 358 357 307 309 311 315 330 337 347 358 376 387 405 323 436 455 462 437 419 401 383 356 349 333 317 302 288 267 250 252 245 235 228 223 241 221 222 238 230 409 105  77  93 259 108 240  36 166 229 251 324 328 321 306 131 125 233 127 226 172 264 283 234 254
 223 235 214 209 188 186 171 150 122  94  66  45  26  41  54  58  70  86 103  90  86  57  22   0  29  50 265  78  81  83  97  81  57  54  64  25  45  66  86 114 136 164 186 188 213 209 246 217 223 206 215 184 167 177 194 198 209 222 228 241 236 246 237 248 235 223 215 198 193 176 168 162 158 141 132 123 100 110 107 129 128 178 179 193 192 207 210 216 202 197 183 182 160 158 137 140 126 134 147 153 172 178 197 201 219 226 239 242 248 262 275 263 272 267 274 260 273 286 297 313 299 316 304 293 280 270 264 259 257 230 230 256 232 299 320 349 349 363 370 371 372 386 392 378 383 362 364 351 337 320 316 333 347 345 352 349 363 321 358 344 343 336 335 285 288 290 294 310 318 328 339 358 369 387 306 417 436 443 418 401 383 366 335 333 317 302 288 275 256 239 242 236 229 223 221 233 222 226 228 236 388  85  95  71 248  89 227  14 144 208 230 304 307 300 285 112 105 227 108 207 151 243 267 225 242
 235 220 223 216 196 190 176 156 128 102  77  60  48  67  81  84  97 109 127 118 114  86  50  29   0  21 250  50  54  57  75  64  35  30  40  26  45  66  86 114 136 164 186 185 208 206 232 210 210 195 201 171 152 160 178 182 194 205 211 223 217 227 216 226 212 201 192 176 171 156 146 141 136 121 110 103  73  83  79 100 100 150 150 164 164 178 182 189 176 169 155 154 133 130 109 112  99 109 121 128 146 154 172 176 194 201 213 217 223 239 252 242 251 246 255 242 255 267 277 292 277 293 280 268 254 243 236 231 228 202 201 228 220 270 291 320 320 335 342 342 343 357 364 350 356 335 337 324 310 294 289 306 320 318 324 321 335 292 330 316 315 308 307 257 260 262 267 284 293 304 316 334 346 363 285 393 411 418 394 377 360 343 306 312 297 283 270 259 243 226 232 228 223 221 221 225 228 234 217 248 360  61 122  43 237  65 214  15 116 179 201 277 278 273 256  89  80 222  84 182 122 215 248 215 229
 246 210 232 223 204 196 182 163 137 112  91  77  67  88 102 104 117 127 147 138 135 107  71  50  21   0 241  29  35  40  64  57  29  21  29  41  55  73  92 119 140 167 188 186 206 206 223 207 203 188 193 164 143 150 169 172 185 194 200 211 205 214 202 212 196 186 177 162 156 142 131 127 121 109  97  91  54  64  59  80  79 129 129 143 143 157 161 170 156 149 135 133 113 109  89  93  80  91 103 111 128 137 154 158 176 184 196 199 205 222 237 227 237 232 241 229 243 255 263 277 262 277 263 251 236 223 216 210 208 181 180 207 214 249 270 299 299 314 321 321 322 336 343 330 336 315 317 304 291 274 269 286 300 297 304 301 314 271 309 295 294 287 286 236 239 242 247 265 275 286 299 316 329 346 270 375 393 401 377 360 344 327 285 297 283 271 259 248 235 218 226 223 221 221 223 222 234 242 212 259 339  45 142  22 230  51 205  36  96 158 180 258 257 254 235  74  63 221  68 164 101 194 235 210 220
 232  31 204 183 185 165 169 176 189 206 225 240 256 270 280 275 285 267 284 301 320 300 277 265 250 241   0 231 211 204 177 186 215 222 212 239 222 205 190 170 158 144 137 117  92 112  19  80  43  62  50  81  99  91  72  69  56  50  43  46  53  59  71  79  97  91 104 100 107 108 122 122 129 134 148 151 199 196 210 207 218 220 209 211 225 229 194 168 163 184 181 188 185 198 198 185 187 165 164 150 150 136 139 132 138 126 132 126 130 108  93  83  74  68  61  45  36  54  69  90  95 115 123 135 153 174 191 212 228 216 236 246  43 268 281 299 289 299 304 300 290 301 277 265 254 235 232 220 208 193 201 216 227 232 237 246 257 264 275 264 269 264 274 243 225 214 201 169 159 149 142 163 160 182  92 217 238 237 209 188 166 145 290 103  81  60  39  17  17  29  47  61  86 111 133  72 175 197  51 232 288 198 292 233  32 191  38 257 198 208 225 179 255 186 260 170 184  94 177 134 218 221  53  58  24
 263 200 246 235 217 207 194 176 152 131 112 102  95 115 130 131 145 153 173 166 164 135 100  78  50  29 231   0  21  29  57  61  40  35  35  67  77  91 106 130 149 176 196 190 207 210 214 206 195 183 186 158 136 140 161 162 176 182 189 197 191 198 186 194 177 168 157 144 138 127 115 111 105  97  83  80  33  40  32  52  50 100 101 115 114 129 133 144 131 122 109 106  86  82  61  67  56  71  81  91 106 116 131 136 152 161 172 177 182 201 217 208 219 215 224 214 229 239 247 259 243 257 242 228 211 197 189 182 179 153 152 178 208 221 242 270 271 285 292 293 294 308 316 302 308 288 291 278 264 248 242 259 273 270 277 273 286 243 281 267 266 259 257 208 211 214 220 241 251 263 277 294 307 324 251 352 369 377 354 338 322 307 256 279 266 255 245 236 226 210 222 221 221 225 230 221 245 255 207 275 311  35 169   7 224  43 197  64  68 130 152 232 229 228 206  61  47 222  53 141  73 165 219 206 212
 247 180 229 217 199 188 176 158 136 117 102  95  93 114 128 128 142 146 167 164 165 137 102  81  54  35 211  21   0   8  36  42  29  29  22  64  68  77  91 112 131 156 176 169 186 190 194 185 175 162 165 137 116 120 140 142 156 163 169 178 172 180 168 177 161 152 141 127 121 109  97  93  87  77  64  60  19  29  29  50  53 102 100 114 116 130 129 136 122 116 102 101  80  79  57  59  45  56  67  76  93 101 119 123 141 148 160 164 170 187 202 192 202 198 207 196 211 221 229 243 227 242 228 215 201 189 183 179 178 152 153 179 187 222 243 271 271 285 292 292 292 306 311 298 302 282 284 270 257 240 235 252 266 264 271 268 282 242 278 264 264 257 256 206 208 210 213 231 239 251 264 281 294 311 235 340 358 365 342 325 308 292 257 263 249 237 226 217 206 190 201 200 200 204 210 200 226 237 186 258 308  14 165  22 203  22 177  67  65 129 152 224 228 220 208  41  29 201  34 129  75 164 201 185 192
 241 173 223 211 193 182 169 152 131 112  99  94  93 114 128 128 142 145 166 164 166 138 104  83  57  40 204  29   8   0  29  35  29  29  21  64  66  73  85 106 124 149 169 162 179 183 186 178 167 155 158 129 108 112 133 135 148 156 162 172 166 174 162 171 156 146 136 121 116 102  91  87  81  70  57  53  18  29  32  52  56 103 101 115 118 132 129 133 119 115 101 100  79  79  57  57  44  52  64  71  89  97 115 119 137 144 156 160 166 182 196 186 197 192 201 190 204 215 223 237 222 237 223 211 197 187 182 178 178 152 154 180 180 223 244 272 271 285 292 292 292 306 310 296 301 280 282 268 254 237 233 250 264 263 269 267 281 242 278 264 264 257 257 207 207 208 212 227 236 247 259 277 289 306 230 336 354 361 337 320 303 287 258 257 243 231 220 210 199 183 193 192 193 197 202 192 220 231 179 252 307   7 164  29 195  14 169  70  65 129 153 221 228 217 208  34  23 194  28 125  77 164 195 178 184
 221 147 201 187 171 158 146 131 112  99  93  94  99 119 133 131 145 142 164 166 173 147 115  97  75  64 177  57  36  29   0  21  40  46  35  73  66  64  70  85 101 124 143 135 151 155 160 149 140 127 130 101  80  86 106 108 121 131 137 148 142 151 141 151 138 127 119 101  97  80  71  66  61  46  35  27  33  40  52  66  74 114 109 122 127 141 130 129 114 115 101 102  81  86  66  61  48  43  57  59  80  83 104 106 126 131 144 147 153 166 178 167 176 171 179 166 180 192 201 216 203 219 207 197 187 180 178 179 182 156 162 187 152 228 249 276 274 288 295 294 293 307 307 293 295 274 275 261 247 229 227 245 259 258 265 264 278 245 278 264 264 257 259 210 207 206 207 217 223 232 243 261 272 291 210 322 340 347 322 304 286 269 263 237 222 208 195 185 171 155 165 164 164 169 176 164 195 208 150 231 306  22 164  57 168  15 142  86  73 133 158 212 231 210 214  18  22 165  19 113  90 168 172 149 157
 206 156 188 175 158 147 134 117  96  80  72  73  80  99 113 111 124 121 143 145 153 127  97  81  64  57 186  61  42  35  21   0  29  37  29  56  45  44  51  71  89 115 135 130 149 151 168 149 147 131 137 107  88  97 115 118 130 142 148 161 156 166 157 168 156 144 137 118 114  96  89  83  79  61  54  44  48  57  66  83  89 133 128 142 147 160 151 150 135 136 122 123 102 105  85  81  68  64  78  79 100 103 124 126 146 150 164 166 173 184 195 184 192 186 194 180 193 206 216 232 219 237 226 216 207 201 199 200 202 176 182 207 157 249 269 297 295 309 316 315 314 328 328 314 316 295 296 282 268 250 248 265 280 279 286 285 299 265 299 285 285 278 280 230 228 227 228 237 243 251 261 280 290 309 226 340 359 366 340 322 304 286 283 252 236 222 208 195 179 162 169 166 164 165 169 164 185 195 155 217 327  30 143  59 173  26 150  71  92 154 179 233 252 231 235  39  41 164  39 133 108 188 187 153 165
 223 185 207 197 178 169 156 137 112  91  73  66  64  85 100 100 114 117 138 135 138 110  77  57  35  29 215  40  29  29  40  29   0   8   8  36  38  50  67  92 112 140 160 157 178 178 197 178 176 161 167 137 117 125 143 147 159 170 176 188 182 192 181 192 178 167 158 141 137 121 111 106 101  86  75  68  46  57  59  80  83 131 129 143 145 160 157 161 147 143 129 129 107 107  86  86  72  77  90  95 115 121 140 144 163 169 182 185 191 205 218 207 216 211 219 206 220 232 242 257 243 259 247 236 223 214 210 207 207 180 182 208 186 251 272 300 299 314 321 321 321 335 338 324 328 307 309 295 282 264 260 278 292 291 297 295 309 271 306 292 292 285 285 235 235 237 240 253 261 271 282 300 312 330 250 360 379 386 361 344 326 309 286 277 262 248 235 223 208 191 198 195 192 193 195 194 207 216 184 235 336  29 136  36 203  32 179  46  93 157 181 248 257 244 237  55  48 192  51 150 104 193 213 182 194
 229 191 213 204 185 176 163 144 119  96  77  68  64  85 100 100 114 119 140 135 137 109  74  54  30  21 222  35  29  29  46  37   8   0  11  36  42  56  73  99 119 147 168 165 185 186 204 186 183 168 173 144 124 131 150 153 166 176 182 194 188 197 187 197 182 172 163 146 141 126 116 111 106  91  81  73  47  57  57  79  81 130 129 143 144 158 158 163 149 144 130 129 108 107  86  87  73  80  93  99 118 125 144 147 166 172 185 188 194 209 223 212 222 216 225 212 226 238 247 262 248 264 251 239 226 216 211 207 207 180 181 208 194 250 271 300 299 314 321 320 321 335 339 326 330 309 311 298 284 267 262 280 294 292 299 296 310 270 307 293 292 285 285 235 236 238 241 256 264 275 287 304 316 334 255 364 382 389 365 348 331 314 286 282 267 254 241 230 215 198 206 203 200 200 203 201 214 223 191 241 336  32 137  30 210  36 186  41  93 157 180 250 256 247 236  59  51 200  55 153 103 193 218 189 201
 228 181 211 200 182 172 159 141 117  96  80  73  72  93 107 107 121 124 145 143 145 118  84  64  40  29 212  35  22  21  35  29   8  11   0  44  45  56  71  95 115 142 162 158 178 179 194 178 173 159 164 134 114 121 140 143 156 166 172 183 177 187 176 186 172 161 152 136 131 115 105 100  96  81  70  63  39  50  52  72  75 124 122 136 138 152 150 154 140 136 122 121 100 100  78  78  64  70  83  89 108 114 134 137 156 162 175 178 184 199 212 201 211 206 214 202 215 227 237 251 237 253 240 229 216 207 202 199 199 173 175 201 184 244 265 293 292 306 313 313 313 327 331 317 321 300 302 288 274 257 253 271 285 283 290 288 302 263 299 285 285 278 278 228 228 229 232 247 254 265 276 294 306 324 244 354 372 379 355 337 320 303 279 272 257 243 231 220 205 189 197 194 192 193 197 193 210 220 182 239 328  22 143  32 200  25 176  52  86 150 173 240 249 237 229  49  41 192  44 143  97 185 208 181 191
 210 209 198 192 171 166 152 132 104  77  52  36  29  50  64  64  78  86 106 100 102  74  41  25  26  41 239  67  64  64  73  56  36  36  44   0  22  43  64  92 114 142 164 165 190 186 221 193 198 181 190 159 141 152 168 173 184 197 202 216 211 222 213 224 211 200 192 174 170 152 144 138 135 117 109  99  82  93  93 114 115 165 164 178 179 194 193 197 183 179 165 165 143 143 121 122 108 113 126 131 151 156 176 179 198 204 217 220 226 239 251 240 248 242 250 235 248 262 272 288 275 292 281 271 259 250 246 243 242 216 217 243 207 286 307 335 335 349 356 356 356 370 374 361 365 344 345 332 318 300 297 314 328 327 334 331 345 306 342 328 328 321 321 271 271 273 276 289 296 306 316 335 346 364 282 395 414 420 396 378 359 342 321 308 292 277 263 249 231 214 217 212 205 201 199 209 204 210 203 223 372  66 102  61 223  68 202  21 129 193 216 284 292 281 271  90  85 203  87 185 138 228 243 200 217
 191 192 178 171 151 145 131 111  84  58  36  29  36  54  68  66  79  79 101 100 108  83  55  45  45  55 222  77  68  66  66  45  38  42  45  22   0  22  43  71  92 121 142 144 169 165 203 172 180 163 172 141 125 136 152 156 167 181 186 201 197 208 200 211 201 188 182 163 159 140 134 127 124 105  99  89  83  94  97 118 121 169 166 180 183 197 193 194 179 178 164 164 143 144 123 121 107 108 122 124 145 149 169 171 192 196 210 212 218 229 239 227 235 229 236 221 232 247 258 275 263 281 271 262 252 246 243 242 243 217 220 246 188 288 309 337 336 350 357 357 356 370 372 358 361 339 341 327 313 295 292 310 324 323 330 329 343 307 342 328 328 321 321 271 271 271 272 282 288 296 306 325 335 354 269 385 405 411 385 367 348 330 323 295 278 262 247 232 212 195 197 192 184 179 178 188 183 189 184 204 370  64 100  71 204  64 184  43 130 194 218 278 293 276 274  83  82 182  82 178 142 229 228 180 199
 173 176 159 150 131 124 110  90  64  40  29  36  52  66  77  73  86  78 100 106 118  96  73  66  66  73 205  91  77  73  64  44  50  56  56  43  22   0  21  49  71  99 121 123 148 144 187 152 162 145 155 125 110 123 136 141 151 167 171 188 184 196 188 201 192 179 174 153 151 131 126 119 118  97  94  83  89  99 105 124 129 175 171 185 189 203 195 193 178 179 165 166 145 148 128 124 111 107 121 121 143 144 165 166 187 190 204 206 212 221 229 217 223 217 223 207 218 233 245 263 252 271 262 254 247 243 242 243 246 220 225 250 169 292 313 341 338 353 359 359 357 371 370 356 358 336 337 323 309 291 289 307 322 321 328 328 342 309 342 328 329 322 323 274 271 271 271 277 282 288 296 316 325 344 257 377 396 402 376 357 337 319 327 282 265 248 232 216 195 178 178 172 163 158 156 168 162 169 165 185 370  70 102  86 186  68 167  64 135 197 222 274 295 272 278  82  84 161  83 173 150 232 215 161 182
 157 162 140 131 112 104  90  71  46  29  35  51  70  81  91  85  96  83 103 114 131 111  92  86  86  92 190 106  91  85  70  51  67  73  71  64  43  21   0  28  50  78 100 102 128 123 171 133 146 128 139 110  97 112 123 129 137 154 158 176 172 185 179 192 185 171 168 147 145 124 122 115 114  93  93  82  99 108 117 134 140 183 179 192 197 210 199 194 179 183 169 171 151 155 136 131 118 111 124 122 143 143 164 164 185 186 201 202 208 214 221 208 214 207 212 195 205 221 233 252 243 262 254 249 244 242 243 246 250 225 232 256 152 297 318 345 342 356 363 362 359 373 370 356 356 335 335 321 307 289 288 306 321 321 328 328 342 313 344 330 331 324 327 278 274 272 271 273 276 282 288 309 316 336 247 369 389 394 367 348 328 309 332 271 253 235 218 202 178 162 160 153 143 137 135 149 142 150 147 168 371  81 108 102 169  77 152  85 143 203 228 271 299 271 284  86  91 141  89 171 159 237 204 143 166
 136 144 117 105  87  77  64  46  29  35  57  77  97 105 112 106 115  96 114 131 151 134 119 114 114 119 170 130 112 106  85  71  92  99  95  92  71  49  28   0  22  50  72  75 101  95 152 107 127 108 121  94  86 102 109 115 121 141 144 163 160 174 170 183 179 165 164 143 143 121 122 115 116  95  99  89 118 126 136 151 159 198 192 204 211 223 208 199 185 192 179 182 162 169 151 144 132 121 134 128 149 145 166 165 186 185 200 200 207 208 212 199 203 196 200 181 189 207 220 240 232 252 247 244 242 244 247 253 259 235 244 267 131 307 326 353 349 363 370 368 364 378 372 358 356 335 335 321 306 288 289 307 321 322 329 330 344 320 349 335 337 330 334 286 280 276 273 271 272 275 280 301 306 327 236 361 381 385 358 338 318 297 340 258 239 220 202 184 157 141 137 129 117 109 107 123 115 125 125 146 374 101 122 127 147  96 134 113 157 214 239 271 306 271 293  99 107 114 103 172 176 246 191 120 146
 122 134 100  87  70  58  46  32  32  51  77  97 118 124 131 124 132 110 126 146 168 153 140 136 136 140 158 149 131 124 101  89 112 119 115 114  92  71  50  22   0  29  50  54  82  74 140  89 115  96 110  86  84 100 102 109 113 133 135 155 154 168 165 179 178 164 165 143 144 123 126 119 122 102 109  99 134 141 152 166 174 211 204 215 223 235 217 205 192 201 188 192 174 181 165 157 146 132 144 137 156 151 171 169 190 187 202 201 208 207 208 195 197 190 193 174 180 198 212 232 227 247 244 242 243 247 252 260 268 244 254 277 117 315 334 361 356 369 376 374 370 383 374 361 358 336 336 322 307 289 291 309 323 324 331 334 347 327 354 340 342 336 340 294 286 282 277 271 271 272 275 296 301 321 229 356 377 380 352 332 311 290 348 250 230 211 191 172 144 128 121 111  98  88  86 105  95 107 110 131 378 119 136 147 132 112 122 135 170 224 249 272 313 273 302 112 123  94 117 176 190 255 183 104 134
 108 124  83  65  54  36  29  32  51  77 104 124 145 151 156 149 156 132 146 168 191 178 167 164 164 167 144 176 156 149 124 115 140 147 142 142 121  99  78  50  29   0  22  30  59  48 128  69 104  86 102  84  88 104 100 107 107 129 129 150 150 164 164 178 180 166 169 149 151 131 137 131 134 117 126 118 158 164 176 188 197 229 222 232 242 253 231 217 204 215 204 208 192 200 185 176 167 151 161 152 170 163 182 179 198 194 207 206 212 208 207 193 193 186 187 167 170 190 204 225 222 243 242 243 247 254 262 272 281 258 271 292 102 329 347 372 366 380 386 383 378 392 380 366 362 341 339 326 311 294 297 314 328 330 337 340 354 338 362 349 352 345 351 306 296 291 285 273 271 271 271 293 295 316 223 352 372 374 346 326 304 283 360 242 221 201 180 160 129 115 103  91  74  61  57  83  71  86  94 115 385 144 157 173 116 137 112 163 190 240 264 276 325 279 316 133 145  69 139 185 211 269 177  87 121
 102 121  74  54  50  29  32  46  70  97 124 145 166 171 176 169 175 150 162 185 210 198 188 186 186 188 137 196 176 169 143 135 160 168 162 164 142 121 100  72  50  22   0  22  47  30 123  58 100  84 100  88  97 112 104 111 108 129 129 150 150 165 166 180 185 171 176 156 159 141 148 143 147 131 141 135 176 182 194 206 215 245 237 247 257 267 244 227 215 228 217 222 207 216 202 192 184 167 176 166 182 174 192 188 207 201 214 212 219 211 208 194 193 185 185 165 166 186 201 222 221 242 243 246 252 262 271 282 292 271 284 305  95 340 358 382 376 389 395 392 386 399 385 372 366 345 344 330 316 299 302 320 334 336 342 347 360 347 370 357 360 354 360 316 306 299 292 277 274 271 271 292 293 314 221 350 371 372 343 322 301 280 370 238 216 196 175 154 121 109  93  80  59  42  36  71  55  73  87 106 392 163 174 194 107 156 108 185 207 253 277 282 335 285 328 151 163  52 157 194 228 281 175  79 115
 123 100  95  74  71  50  52  61  81 105 131 151 171 179 185 178 185 162 176 198 221 207 194 188 185 186 117 190 169 162 135 130 157 165 158 165 144 123 102  75  54  30  22   0  29  21 102  39  79  62  79  68  80  93  84  90  87 108 107 128 129 143 145 159 164 151 156 137 141 123 131 126 131 117 128 123 168 172 185 194 204 231 223 232 242 252 227 209 198 212 202 207 192 202 190 180 172 154 162 151 166 157 174 170 188 181 195 192 198 190 186 172 171 164 164 144 145 165 179 201 200 221 222 225 232 242 252 264 275 254 268 288  74 322 339 364 357 369 376 373 366 379 365 351 345 324 323 309 295 278 282 299 313 315 322 327 340 328 350 338 341 334 341 298 287 280 272 256 253 250 249 270 271 293 200 328 349 350 322 301 280 258 352 216 195 175 154 133 100  88  73  61  44  36  42  53  73  93  66 126 371 156 187 188  87 149  87 186 194 237 261 261 316 265 310 140 154  39 147 176 215 264 154  58  94
