u159.tsp
159
    0  728  700  922 1118 1300 1513 1712 1811 1910 2110 2100 2309 2508 2608 2700 2807 3338 3551 3635 3622 3406 3506 3700 3905 4300 4205 4428 4464 4144 3640 3418 3585 3329 3276 3081 3023 2983 3111 3183 2907 2941 3220 3276 3551 3722 3895 4071 4357 4614 4717 5022 5500 5701 5657 5873 6081 6223 6512 6622 6440 6268 6022 6054 6003 5954 5906 5859 5814 5770 5727 5686 5456 5100 4875 5148 5126 5571 5536 5503 5471 5441 5412 5385 5360 5337 5001 4805 4657 4464 4272 4079 4045 4512 4752 4866 5277 5261 5247 5235 5224 5215 5209 5204 5201 4901 4501 3600 3401 3202 3002 2802 2602 2693 2886 3081 3276 3471 3640 3454 3270 3087 2907 2088 1404 1077 1565 1924 1931 2193 2081 2421 2404 2476 2691 2625 2608 2865 2417 2600 2341 2474 2236 2138 2159 1942 1844 1746 1868 1709 1552 1414 1315 1360 1393 1077 1118 1000  283
  728    0  200  200  400  632  800 1000 1100 1200 1400 1414 1600 1800 1900 2010 2100 2617 2828 2915 2907 2700 2800 3007 3200 3606 3500 3712 3736 3418 2912 2693 2884 2640 2581 2408 2343 2335 2500 2581 2332 2417 2683 2786 3046 3231 3418 3606 3848 4123 4205 4478 4940 5131 5033 5235 5456 5597 5903 6046 5883 5731 5471 5546 5504 5463 5423 5385 5349 5314 5281 5250 4998 4624 4427 4713 4730 5166 5142 5120 5099 5080 5064 5049 5036 5025 4710 4510 4329 4130 3932 3801 3801 4211 4500 4601 5004 5001 5000 5001 5004 5009 5016 5025 5036 4768 4374 3471 3256 3059 2864 2668 2474 2400 2600 2800 3000 3200 3256 3059 2864 2668 2474 1803 1442  854 1200 1513 1600 1811 1581 1879 1803 1887 2062 1985 1921 2163 1700 1879 1616 1746 1513 1414 1432 1217 1118 1020 1140  985  825  700  600  632  671  361  424  412  500
  700  200    0  283  447  600  825 1020 1118 1217 1414 1400 1612 1811 1910 2000 2110 2648 2864 2943 2927 2707 2807 3000 3206 3600 3506 3734 3795 3493 2973 2773 3000 2766 2702 2546 2476 2484 2663 2746 2506 2600 2864 2973 3231 3418 3606 3795 4031 4308 4386 4653 5111 5300 5186 5381 5608 5749 6061 6213 6054 5906 5644 5727 5686 5646 5608 5571 5536 5503 5471 5441 5187 4810 4617 4904 4924 5360 5337 5315 5295 5277 5261 5247 5235 5224 4909 4710 4528 4329 4130 4001 4001 4410 4700 4801 5204 5201 5200 5201 5204 5209 5215 5224 5235 4965 4571 3667 3453 3256 3059 2864 2668 2600 2800 3000 3200 3400 3453 3256 3059 2864 2668 2002 1612 1044 1400 1712 1800 2010 1772 2062 1972 2059 2220 2140 2052 2280 1803 1972 1700 1803 1552 1456 1487 1265 1170 1077 1208 1082  894  728  632  721  781  500  583  608  539
  922  200  283    0  200  447  600  800  900 1000 1200 1217 1400 1600 1700 1811 1900 2419 2631 2717 2707 2500 2600 2807 3000 3406 3300 3513 3544 3231 2720 2508 2720 2484 2421 2263 2193 2202 2385 2470 2236 2341 2600 2720 2973 3162 3353 3544 3770 4050 4123 4383 4837 5025 4904 5099 5326 5467 5780 5936 5780 5636 5371 5463 5423 5385 5349 5314 5281 5250 5220 5192 4934 4554 4368 4657 4687 5120 5099 5080 5064 5049 5036 5025 5016 5009 4701 4501 4310 4111 3912 3801 3812 4201 4504 4601 5000 5001 5004 5009 5016 5025 5036 5049 5064 4805 4415 3517 3298 3105 2912 2720 2530 2408 2608 2807 3007 3206 3225 3027 2828 2631 2433 1825 1562  943 1217 1500 1612 1800 1530 1803 1700 1789 1942 1860 1769 2000 1526 1700 1432 1552 1315 1217 1237 1020  922  825  949  806  632  500  400  447  500  224  316  412  700
 1118  400  447  200    0  283  400  600  700  800 1000 1020 1200 1400 1500 1612 1700 2220 2433 2518 2508 2300 2400 2608 2800 3206 3100 3314 3353 3046 2530 2326 2561 2335 2267 2126 2052 2081 2283 2371 2154 2280 2530 2668 2912 3105 3298 3493 3700 3985 4050 4295 4741 4924 4780 4968 5201 5341 5661 5831 5682 5546 5277 5385 5349 5314 5281 5250 5220 5192 5166 5142 4876 4492 4317 4610 4653 5080 5064 5049 5036 5025 5016 5009 5004 5001 4701 4501 4301 4101 3901 3812 3833 4201 4518 4610 5004 5009 5016 5025 5036 5049 5064 5080 5099 4851 4464 3574 3353 3162 2973 2786 2600 2433 2631 2828 3027 3225 3206 3007 2807 2608 2408 1868 1697 1063 1265 1513 1649 1811 1503 1746 1616 1709 1836 1749 1628 1844 1360 1526 1253 1360 1118 1020 1044  825  728  632  762  640  447  300  200  283  361  224  316  500  900
 1300  632  600  447  283    0  283  447  539  632  825  800 1020 1217 1315 1400 1513 2062 2280 2354 2335 2110 2209 2400 2608 3000 2907 3140 3231 2953 2417 2247 2546 2343 2267 2163 2081 2147 2377 2470 2280 2433 2668 2828 3059 3256 3453 3650 3833 4123 4176 4401 4833 5009 4826 5000 5243 5382 5714 5906 5770 5646 5371 5503 5471 5441 5412 5385 5360 5337 5315 5295 5022 4632 4472 4768 4826 5247 5235 5224 5215 5209 5204 5201 5200 5201 4909 4710 4501 4301 4101 4031 4061 4410 4738 4826 5215 5224 5235 5247 5261 5277 5295 5315 5337 5096 4713 3828 3606 3418 3231 3046 2864 2668 2864 3059 3256 3453 3400 3200 3000 2800 2600 2119 1980 1345 1523 1746 1897 2040 1703 1910 1746 1844 1931 1838 1664 1844 1345 1487 1204 1253  985  894  943  721  640  566  707  671  447  224  200  400  500  500  583  781 1118
 1513  800  825  600  400  283    0  200  300  400  600  632  800 1000 1100 1217 1300 1825 2040 2121 2110 1900 2000 2209 2400 2807 2700 2915 2973 2683 2154 1972 2263 2062 1985 1887 1803 1879 2119 2214 2040 2209 2433 2608 2828 3027 3225 3423 3590 3883 3929 4144 4569 4742 4549 4720 4965 5104 5438 5636 5504 5385 5108 5250 5220 5192 5166 5142 5120 5099 5080 5064 4785 4393 4243 4540 4610 5025 5016 5009 5004 5001 5000 5001 5004 5009 4727 4528 4310 4111 3912 3864 3905 4230 4571 4653 5036 5049 5064 5080 5099 5120 5142 5166 5192 4965 4588 3716 3493 3311 3130 2953 2778 2530 2720 2912 3105 3298 3206 3007 2807 2608 2408 2012 2000 1360 1442 1616 1789 1897 1530 1700 1513 1612 1676 1581 1389 1562 1063 1204  922  985  728  632  671  447  361  283  424  412  200  100  200  283  361  539  583  806 1300
 1712 1000 1020  800  600  447  200    0  100  200  400  447  600  800  900 1020 1100 1628 1844 1924 1910 1700 1800 2010 2200 2608 2500 2717 2786 2506 1970 1803 2126 1942 1860 1789 1700 1803 2062 2159 2010 2200 2408 2600 2807 3007 3206 3406 3551 3847 3883 4080 4494 4662 4442 4604 4855 4993 5334 5546 5423 5314 5033 5192 5166 5142 5120 5099 5080 5064 5049 5036 4752 4357 4219 4518 4601 5009 5004 5001 5000 5001 5004 5009 5016 5025 4752 4554 4329 4130 3932 3905 3956 4258 4610 4687 5064 5080 5099 5120 5142 5166 5192 5220 5250 5033 4662 3801 3578 3400 3225 3053 2884 2600 2786 2973 3162 3353 3225 3027 2828 2631 2433 2110 2163 1526 1562 1700 1887 1970 1581 1712 1500 1600 1628 1530 1300 1442  943 1063  781  806  539  447  500  283  224  200  316  412  283  300  400  447  500  728  762  985 1500
 1811 1100 1118  900  700  539  300  100    0  100  300  361  500  700  800  922 1000 1530 1746 1825 1811 1600 1700 1910 2100 2508 2400 2617 2693 2419 1879 1720 2062 1887 1803 1746 1655 1772 2040 2138 2002 2202 2402 2602 2802 3002 3202 3401 3536 3833 3864 4052 4460 4624 4391 4549 4802 4940 5284 5504 5385 5281 4998 5166 5142 5120 5099 5080 5064 5049 5036 5025 4738 4342 4211 4510 4600 5004 5001 5000 5001 5004 5009 5016 5025 5036 4768 4571 4342 4144 3946 3929 3985 4276 4632 4707 5080 5099 5120 5142 5166 5192 5220 5250 5281 5070 4701 3847 3624 3448 3276 3106 2941 2640 2823 3008 3195 3384 3239 3041 2844 2648 2452 2163 2247 1612 1628 1749 1942 2012 1616 1726 1503 1603 1612 1513 1265 1389  894 1000  721  721  447  361  424  224  200  224  300  447  361  400  500  539  583  825  854 1077 1600
 1910 1200 1217 1000  800  632  400  200  100    0  200  283  400  600  700  825  900 1432 1649 1726 1712 1500 1600 1811 2000 2408 2300 2518 2600 2332 1789 1640 2000 1836 1749 1709 1616 1746 2022 2121 2000 2209 2400 2608 2800 3000 3200 3400 3523 3821 3847 4026 4427 4588 4342 4494 4751 4888 5235 5463 5349 5250 4965 5142 5120 5099 5080 5064 5049 5036 5025 5016 4727 4329 4205 4504 4601 5001 5000 5001 5004 5009 5016 5025 5036 5049 4785 4589 4357 4159 3962 3956 4016 4295 4657 4730 5099 5120 5142 5166 5192 5220 5250 5281 5314 5108 4742 3895 3672 3499 3329 3162 3000 2683 2864 3046 3231 3418 3256 3059 2864 2668 2474 2220 2332 1700 1697 1803 2000 2059 1655 1746 1513 1612 1603 1503 1237 1342  854  943  671  640  361  283  361  200  224  283  316  500  447  500  600  632  671  922  949 1170 1700
 2110 1400 1414 1200 1000  825  600  400  300  200    0  200  200  400  500  632  700 1237 1456 1530 1513 1300 1400 1612 1800 2209 2100 2319 2417 2163 1612 1487 1887 1746 1655 1649 1552 1712 2002 2102 2010 2236 2408 2631 2807 3007 3206 3406 3506 3805 3821 3981 4368 4522 4249 4391 4653 4789 5143 5385 5281 5192 4904 5099 5080 5064 5049 5036 5025 5016 5009 5004 4710 4310 4200 4500 4610 5001 5004 5009 5016 5025 5036 5049 5064 5080 4827 4632 4393 4198 4002 4016 4085 4342 4713 4780 5142 5166 5192 5220 5250 5281 5314 5349 5385 5189 4830 3996 3774 3606 3441 3280 3124 2778 2953 3130 3311 3493 3298 3105 2912 2720 2530 2343 2506 1879 1844 1921 2126 2163 1749 1803 1552 1649 1603 1503 1204 1265  806  854  608  500  224  200  300  283  361  447  424  640  632  700  800  825  854 1118 1140 1360 1900
 2100 1414 1400 1217 1020  800  632  447  361  283  200    0  283  447  539  600  728 1300 1523 1581 1552 1315 1414 1600 1811 2200 2110 2354 2506 2280 1720 1628 2059 1931 1838 1844 1746 1910 2202 2302 2209 2433 2608 2828 3007 3206 3406 3606 3705 4005 4020 4177 4561 4713 4428 4565 4830 4965 5323 5571 5471 5385 5096 5295 5277 5261 5247 5235 5224 5215 5209 5204 4909 4510 4400 4700 4809 5201 5204 5209 5215 5224 5235 5247 5261 5277 5022 4827 4589 4393 4198 4206 4272 4535 4904 4973 5337 5360 5385 5412 5441 5471 5503 5536 5571 5371 5009 4168 3945 3774 3606 3441 3280 2953 3130 3311 3493 3677 3493 3298 3105 2912 2720 2500 2608 1972 1980 2081 2280 2332 1924 1992 1746 1844 1803 1703 1404 1456 1005 1044  806  671  412  400  500  447  500  566  583  781  721  728  825  894  943 1170 1208 1432 1910
 2309 1600 1612 1400 1200 1020  800  600  500  400  200  283    0  200  300  447  500 1044 1265 1334 1315 1100 1200 1414 1600 2010 1900 2121 2236 2000 1442 1345 1789 1676 1581 1612 1513 1700 2002 2102 2040 2280 2433 2668 2828 3027 3225 3423 3500 3800 3805 3946 4317 4464 4163 4294 4562 4696 5057 5314 5220 5142 4851 5064 5049 5036 5025 5016 5009 5004 5001 5000 4701 4301 4205 4504 4627 5009 5016 5025 5036 5049 5064 5080 5099 5120 4876 4684 4438 4245 4052 4085 4163 4397 4776 4838 5192 5220 5250 5281 5314 5349 5385 5423 5463 5277 4924 4105 3883 3720 3561 3406 3256 2884 3053 3225 3400 3578 3353 3162 2973 2786 2600 2476 2683 2062 2000 2052 2263 2280 1860 1879 1616 1709 1628 1530 1204 1217  806  806  608  412  224  283  361  447  539  632  583  806  825  900 1000 1020 1044 1315 1334 1552 2100
 2508 1800 1811 1600 1400 1217 1000  800  700  600  400  447  200    0  100  283  300  854 1077 1140 1118  900 1000 1217 1400 1811 1700 1924 2059 1844 1281 1221 1709 1628 1530 1600 1500 1712 2022 2121 2088 2341 2474 2720 2864 3059 3256 3453 3506 3805 3800 3920 4276 4415 4085 4205 4478 4610 4977 5250 5166 5099 4805 5036 5025 5016 5009 5004 5001 5000 5001 5004 4701 4301 4219 4518 4653 5025 5036 5049 5064 5080 5099 5120 5142 5166 4934 4743 4492 4301 4111 4163 4249 4460 4847 4904 5250 5281 5314 5349 5385 5423 5463 5504 5546 5371 5025 4220 4000 3842 3688 3538 3394 3000 3162 3329 3499 3672 3418 3231 3046 2864 2683 2617 2864 2247 2163 2193 2408 2408 1985 1972 1700 1789 1676 1581 1237 1200  854  806  671  412  361  447  500  632  728  825  762  985 1020 1100 1200 1217 1237 1513 1530 1746 2300
 2608 1900 1910 1700 1500 1315 1100  900  800  700  500  539  300  100    0  224  200  762  985 1044 1020  800  900 1118 1300 1712 1600 1825 1972 1769 1204 1166 1676 1612 1513 1603 1503 1726 2040 2138 2119 2377 2500 2751 2886 3081 3276 3471 3513 3812 3801 3912 4258 4393 4050 4163 4438 4569 4940 5220 5142 5080 4785 5025 5016 5009 5004 5001 5000 5001 5004 5009 4704 4305 4230 4528 4669 5036 5049 5064 5080 5099 5120 5142 5166 5192 4965 4776 4522 4332 4144 4205 4294 4494 4885 4940 5281 5314 5349 5385 5423 5463 5504 5546 5590 5420 5077 4280 4061 3905 3754 3607 3466 3061 3220 3384 3551 3722 3454 3270 3087 2907 2729 2691 2955 2341 2247 2267 2484 2476 2052 2025 1749 1836 1709 1616 1265 1204  894  825  721  447  447  539  583  728  825  922  854 1077 1118 1200 1300 1315 1334 1612 1628 1844 2400
 2700 2010 2000 1811 1612 1400 1217 1020  922  825  632  600  447  283  224    0  224  781 1000 1030  985  728  825 1000 1217 1600 1513 1772 2000 1844 1281 1300 1844 1803 1703 1811 1712 1942 2256 2354 2341 2600 2720 2973 3105 3298 3493 3688 3722 4020 4005 4105 4441 4571 4206 4308 4588 4717 5092 5385 5315 5261 4965 5215 5209 5204 5201 5200 5201 5204 5209 5215 4909 4510 4441 4738 4884 5247 5261 5277 5295 5315 5337 5360 5385 5412 5187 4998 4743 4554 4366 4428 4518 4717 5108 5162 5503 5536 5571 5608 5646 5686 5727 5770 5814 5644 5300 4500 4280 4123 3970 3821 3677 3280 3441 3606 3774 3945 3677 3493 3311 3130 2953 2900 3130 2508 2441 2476 2691 2691 2267 2247 1972 2059 1931 1838 1487 1414 1118 1044  943  671  640  721  781  894  985 1077 1030 1253 1265 1315 1414 1456 1487 1746 1772 1992 2508
 2807 2100 2110 1900 1700 1513 1300 1100 1000  900  700  728  500  300  200  224    0  583  806  854  825  600  700  922 1100 1513 1400 1628 1803 1628 1063 1077 1628 1600 1500 1628 1530 1772 2088 2184 2193 2460 2563 2823 2941 3132 3324 3517 3536 3833 3812 3901 4230 4357 3985 4085 4366 4494 4870 5166 5099 5049 4752 5009 5004 5001 5000 5001 5004 5009 5016 5025 4717 4319 4258 4554 4707 5064 5080 5099 5120 5142 5166 5192 5220 5250 5033 4847 4588 4401 4215 4294 4391 4569 4966 5016 5349 5385 5423 5463 5504 5546 5590 5636 5682 5523 5187 4405 4187 4036 3890 3748 3612 3189 3342 3500 3662 3828 3534 3354 3176 3002 2830 2843 3138 2530 2419 2421 2640 2617 2193 2140 1860 1942 1789 1700 1342 1237 1000  894  849  566  632  728  762  922 1020 1118 1044 1265 1315 1400 1500 1513 1530 1811 1825 2040 2600
 3338 2617 2648 2419 2220 2062 1825 1628 1530 1432 1237 1300 1044  854  762  781  583    0  224  300  316  316  361  640  671 1118  949 1100 1221 1082  539  707 1315 1393 1300 1526 1442 1720 2025 2110 2202 2484 2524 2802 2865 3041 3220 3401 3353 3640 3590 3622 3900 4005 3569 3640 3929 4052 4438 4768 4727 4704 4405 4704 4710 4717 4727 4738 4752 4768 4785 4805 4491 4100 4080 4368 4554 4876 4904 4934 4965 4998 5033 5070 5108 5148 4965 4789 4518 4342 4168 4301 4420 4528 4940 4974 5277 5324 5371 5420 5471 5523 5576 5630 5686 5561 5250 4528 4319 4187 4061 3941 3828 3342 3471 3607 3748 3895 3523 3360 3202 3048 2900 3089 3517 2943 2751 2683 2907 2830 2419 2280 2000 2062 1838 1769 1421 1204 1208 1030 1140  906 1105 1204 1200 1404 1503 1603 1500 1703 1803 1924 2022 2002 2000 2302 2300 2502 3114
 3551 2828 2864 2631 2433 2280 2040 1844 1746 1649 1456 1523 1265 1077  985 1000  806  224    0  141  224  412  400  632  566 1000  806  906 1000  894  400  671 1265 1389 1304 1562 1487 1769 2062 2140 2263 2546 2561 2843 2884 3053 3225 3400 3324 3606 3544 3551 3805 3900 3437 3493 3785 3905 4295 4639 4610 4600 4300 4617 4627 4639 4653 4669 4687 4707 4730 4754 4438 4052 4050 4332 4531 4838 4870 4904 4940 4977 5016 5057 5099 5143 4974 4802 4528 4357 4188 4342 4469 4549 4965 4993 5284 5334 5385 5438 5492 5547 5604 5661 5720 5608 5308 4610 4405 4280 4162 4050 3945 3441 3561 3688 3821 3960 3561 3406 3256 3111 2973 3220 3688 3126 2912 2823 3046 2953 2550 2385 2110 2163 1921 1860 1526 1281 1360 1170 1315 1100 1315 1414 1404 1612 1712 1811 1703 1900 2010 2138 2236 2209 2202 2508 2502 2700 3324
 3635 2915 2943 2717 2518 2354 2121 1924 1825 1726 1530 1581 1334 1140 1044 1030  854  300  141    0  100  361  316  510  424  860  671  800  990  949  510  806 1393 1526 1442 1703 1628 1910 2202 2280 2404 2687 2702 2983 3023 3191 3362 3536 3454 3734 3669 3667 3912 4001 3523 3569 3864 3981 4374 4727 4704 4701 4401 4727 4738 4752 4768 4785 4805 4827 4851 4876 4561 4176 4179 4460 4662 4965 4998 5033 5070 5108 5148 5189 5233 5277 5111 4940 4665 4494 4327 4482 4610 4687 5104 5131 5420 5471 5523 5576 5630 5686 5743 5801 5860 5749 5449 4751 4545 4420 4301 4188 4082 3581 3701 3829 3962 4101 3701 3547 3397 3253 3114 3354 3808 3239 3036 2955 3178 3089 2683 2524 2247 2302 2062 2000 1664 1421 1487 1300 1432 1204 1404 1503 1500 1703 1803 1903 1800 2002 2102 2220 2319 2302 2300 2602 2600 2802 3413
 3622 2907 2927 2707 2508 2335 2110 1910 1811 1712 1513 1552 1315 1118 1020  985  825  316  224  100    0  283  224  412  361  806  632  806 1063 1044  608  894 1487 1612 1526 1780 1703 1985 2280 2360 2476 2759 2780 3061 3106 3276 3448 3624 3547 3828 3764 3766 4011 4101 3622 3667 3962 4079 4472 4826 4804 4801 4501 4826 4837 4851 4866 4884 4903 4924 4948 4973 4657 4272 4272 4554 4754 5060 5092 5126 5162 5200 5239 5280 5323 5367 5197 5025 4751 4579 4410 4561 4686 4771 5187 5215 5507 5557 5608 5660 5714 5769 5825 5882 5941 5826 5523 4817 4610 4482 4360 4244 4134 3640 3764 3895 4031 4173 3780 3624 3471 3324 3183 3400 3833 3256 3068 2997 3220 3138 2729 2581 2302 2360 2126 2062 1720 1487 1523 1342 1456 1217 1400 1500 1503 1700 1800 1900 1803 2010 2100 2209 2309 2300 2302 2600 2602 2807 3406
 3406 2700 2707 2500 2300 2110 1900 1700 1600 1500 1300 1315 1100  900  800  728  600  316  412  361  283    0  100  361  500  922  800 1044 1345 1300  806 1020 1628 1709 1616 1836 1749 2025 2332 2419 2500 2780 2830 3106 3176 3354 3534 3716 3669 3956 3905 3932 4201 4301 3847 3905 4198 4317 4707 5049 5016 5001 4701 5009 5016 5025 5036 5049 5064 5080 5099 5120 4805 4415 4397 4684 4870 5192 5220 5250 5281 5314 5349 5385 5423 5463 5277 5100 4830 4653 4478 4604 4720 4837 5248 5284 5590 5636 5682 5731 5780 5831 5883 5936 5991 5860 5544 4808 4597 4460 4328 4201 4080 3612 3748 3890 4036 4187 3828 3662 3500 3342 3189 3329 3700 3105 2955 2915 3138 3081 2663 2550 2267 2335 2126 2052 1697 1500 1442 1281 1342 1077 1217 1315 1334 1513 1612 1712 1628 1844 1910 2000 2100 2110 2121 2408 2419 2631 3200
 3506 2800 2807 2600 2400 2209 2000 1800 1700 1600 1400 1414 1200 1000  900  825  700  361  400  316  224  100    0  283  400  825  700  949 1281 1265  800 1044 1649 1746 1655 1887 1803 2081 2385 2470 2561 2843 2884 3162 3225 3400 3578 3758 3700 3985 3929 3946 4205 4300 3833 3883 4177 4295 4687 5036 5009 5000 4700 5016 5025 5036 5049 5064 5080 5099 5120 5142 4827 4438 4427 4713 4904 5220 5250 5281 5314 5349 5385 5423 5463 5504 5324 5148 4876 4701 4528 4662 4780 4888 5300 5334 5636 5682 5731 5780 5831 5883 5936 5991 6046 5920 5608 4880 4669 4534 4405 4280 4162 3688 3821 3960 4104 4252 3883 3720 3561 3406 3256 3413 3795 3202 3046 3002 3225 3162 2746 2625 2343 2408 2193 2121 1769 1562 1526 1360 1432 1170 1315 1414 1432 1612 1712 1811 1726 1942 2010 2100 2200 2209 2220 2508 2518 2729 3300
 3700 3007 3000 2807 2608 2400 2209 2010 1910 1811 1612 1600 1414 1217 1118 1000  922  640  632  510  412  361  283    0  283  600  539  860 1342 1414 1020 1300 1897 2012 1924 2163 2081 2360 2663 2746 2843 3124 3162 3441 3499 3672 3847 4025 3956 4238 4176 4177 4418 4504 4011 4045 4342 4455 4851 5215 5201 5204 4904 5235 5247 5261 5277 5295 5315 5337 5360 5385 5070 4684 4682 4965 5162 5471 5503 5536 5571 5608 5646 5686 5727 5770 5595 5420 5148 4974 4802 4941 5061 5162 5576 5608 5906 5954 6003 6054 6106 6159 6213 6268 6325 6201 5890 5162 4952 4817 4686 4561 4441 3970 4104 4243 4386 4534 4162 4000 3842 3688 3538 3689 4050 3448 3311 3276 3499 3441 3023 2907 2625 2691 2476 2404 2052 1844 1803 1640 1700 1432 1552 1649 1676 1844 1942 2040 1965 2184 2236 2309 2408 2433 2452 2729 2746 2961 3506
 3905 3200 3206 3000 2800 2608 2400 2200 2100 2000 1800 1811 1600 1400 1300 1217 1100  671  566  424  361  500  400  283    0  447  300  583 1077 1200  894 1221 1789 1942 1860 2126 2052 2335 2625 2702 2828 3111 3124 3406 3441 3606 3774 3945 3848 4123 4050 4026 4243 4319 3801 3821 4119 4230 4627 5004 5001 5016 4717 5064 5080 5099 5120 5142 5166 5192 5220 5250 4934 4554 4569 4847 5057 5349 5385 5423 5463 5504 5546 5590 5636 5682 5523 5354 5077 4909 4743 4904 5033 5104 5522 5547 5831 5883 5936 5991 6046 6103 6161 6220 6280 6172 5873 5174 4968 4841 4720 4604 4494 4000 4123 4252 4386 4525 4123 3970 3821 3677 3538 3759 4176 3590 3418 3354 3578 3499 3089 2941 2663 2720 2484 2421 2081 1844 1879 1700 1803 1552 1712 1811 1825 2010 2110 2209 2121 2335 2408 2500 2600 2608 2617 2907 2915 3126 3700
 4300 3606 3600 3406 3206 3000 2807 2608 2508 2408 2209 2200 2010 1811 1712 1600 1513 1118 1000  860  806  922  825  600  447    0  224  510 1200 1456 1281 1628 2163 2343 2267 2546 2476 2759 3041 3114 3256 3538 3538 3821 3842 4000 4162 4327 4206 4472 4386 4332 4512 4571 4011 4000 4300 4401 4801 5204 5224 5261 4965 5337 5360 5385 5412 5441 5471 5503 5536 5571 5255 4885 4919 5189 5412 5686 5727 5770 5814 5859 5906 5954 6003 6054 5908 5743 5464 5301 5140 5315 5449 5500 5920 5941 6213 6268 6325 6382 6440 6500 6560 6622 6684 6586 6294 5608 5404 5280 5161 5048 4940 4441 4561 4686 4817 4952 4534 4386 4243 4104 3970 4206 4617 4026 3863 3801 4025 3945 3536 3384 3106 3162 2921 2860 2524 2280 2326 2147 2247 1992 2138 2236 2256 2433 2532 2631 2550 2766 2828 2907 3007 3027 3041 3324 3338 3551 4105
 4205 3500 3506 3300 3100 2907 2700 2500 2400 2300 2100 2110 1900 1700 1600 1513 1400  949  806  671  632  800  700  539  300  224    0  361 1005 1237 1063 1414 1942 2126 2052 2335 2267 2550 2828 2900 3048 3330 3324 3607 3624 3780 3941 4105 3982 4249 4163 4111 4295 4357 3805 3801 4101 4205 4604 5001 5016 5049 4752 5120 5142 5166 5192 5220 5250 5281 5314 5349 5033 4662 4696 4966 5188 5463 5504 5546 5590 5636 5682 5731 5780 5831 5686 5522 5243 5080 4920 5099 5235 5280 5701 5720 5991 6046 6103 6161 6220 6280 6341 6403 6466 6370 6081 5404 5201 5080 4965 4855 4751 4244 4360 4482 4610 4742 4319 4173 4031 3895 3764 4025 4464 3883 3700 3625 3848 3759 3354 3191 2915 2968 2720 2663 2332 2081 2154 1970 2088 1844 2010 2110 2121 2309 2408 2508 2419 2631 2707 2800 2900 2907 2915 3206 3214 3423 4000
 4428 3712 3734 3513 3314 3140 2915 2717 2617 2518 2319 2354 2121 1924 1825 1772 1628 1100  906  800  806 1044  949  860  583  510  361    0  707 1030 1030 1389 1838 2062 2000 2302 2247 2524 2780 2843 3023 3302 3265 3547 3536 3680 3829 3982 3828 4082 3982 3900 4052 4100 3523 3501 3801 3900 4300 4710 4738 4785 4491 4876 4904 4934 4965 4998 5033 5070 5108 5148 4833 4472 4528 4789 5025 5277 5324 5371 5420 5471 5523 5576 5630 5686 5561 5404 5122 4968 4817 5021 5166 5174 5597 5608 5860 5920 5982 6044 6107 6172 6237 6303 6370 6294 6021 5382 5187 5077 4974 4876 4785 4254 4357 4465 4580 4701 4245 4111 3982 3860 3744 4085 4589 4031 3808 3700 3922 3808 3418 3220 2955 2997 2729 2683 2377 2102 2256 2062 2220 2002 2202 2302 2300 2502 2602 2702 2600 2802 2902 3015 3114 3102 3100 3401 3400 3601 4211
 4464 3736 3795 3544 3353 3231 2973 2786 2693 2600 2417 2506 2236 2059 1972 2000 1803 1221 1000  990 1063 1345 1281 1342 1077 1200 1005  707    0  447  825 1100 1342 1616 1581 1897 1868 2119 2326 2371 2600 2864 2778 3053 3000 3124 3256 3394 3202 3441 3329 3220 3353 3396 2816 2800 3100 3202 3601 4005 4031 4079 3785 4176 4206 4238 4272 4308 4346 4386 4428 4472 4159 3808 3883 4134 4383 4614 4665 4717 4771 4826 4883 4941 5000 5061 4958 4810 4528 4384 4245 4482 4640 4597 5021 5021 5250 5315 5381 5449 5517 5587 5657 5728 5800 5749 5500 4924 4741 4652 4569 4494 4427 3863 3940 4025 4118 4219 3720 3606 3499 3400 3311 3785 4405 3905 3606 3437 3650 3493 3140 2886 2648 2668 2377 2354 2110 1811 2110 1910 2138 1992 2247 2341 2309 2530 2625 2720 2596 2766 2912 3068 3162 3105 3081 3396 3373 3551 4220
 4144 3418 3493 3231 3046 2953 2683 2506 2419 2332 2163 2280 2000 1844 1769 1844 1628 1082  894  949 1044 1300 1265 1414 1200 1456 1237 1030  447    0  566  728  894 1170 1140 1456 1432 1676 1879 1924 2154 2417 2332 2608 2561 2691 2828 2973 2802 3053 2953 2879 3059 3126 2602 2631 2927 3041 3437 3805 3801 3821 3523 3883 3905 3929 3956 3985 4016 4050 4085 4123 3808 3444 3499 3759 3996 4249 4294 4342 4391 4442 4494 4549 4604 4662 4545 4393 4111 3962 3818 4046 4201 4173 4597 4601 4841 4904 4968 5033 5099 5166 5235 5304 5374 5315 5061 4478 4294 4205 4123 4050 3985 3418 3493 3578 3672 3774 3280 3162 3053 2953 2864 3354 4000 3523 3200 3015 3225 3059 2717 2452 2220 2236 1942 1924 1700 1400 1746 1552 1803 1700 1972 2059 2012 2236 2326 2417 2285 2435 2600 2773 2864 2786 2751 3068 3036 3202 3890
 3640 2912 2973 2720 2530 2417 2154 1970 1879 1789 1612 1720 1442 1281 1204 1281 1063  539  400  510  608  806  800 1020  894 1281 1063 1030  825  566    0  361  894 1063  990 1281 1221 1500 1769 1838 2000 2280 2263 2546 2561 2720 2884 3053 2955 3231 3162 3158 3406 3500 3041 3105 3396 3517 3905 4243 4211 4200 3900 4219 4230 4243 4258 4276 4295 4317 4342 4368 4052 3669 3677 3956 4163 4460 4494 4531 4569 4610 4652 4696 4741 4789 4632 4465 4188 4022 3860 4036 4173 4220 4640 4662 4940 4993 5048 5104 5161 5220 5280 5341 5404 5308 5021 4360 4162 4050 3945 3847 3758 3225 3329 3441 3561 3688 3256 3111 2973 2843 2720 3068 3622 3100 2828 2693 2912 2786 2404 2193 1931 1970 1700 1655 1360 1077 1300 1100 1315 1170 1432 1523 1487 1709 1803 1897 1772 1942 2088 2247 2341 2280 2256 2571 2550 2729 3396
 3418 2693 2773 2508 2326 2247 1972 1803 1720 1640 1487 1628 1345 1221 1166 1300 1077  707  671  806  894 1020 1044 1300 1221 1628 1414 1389 1100  728  361    0  608  721  640  922  860 1140 1414 1487 1640 1921 1910 2193 2220 2385 2555 2729 2657 2941 2886 2915 3202 3314 2912 3008 3289 3418 3795 4100 4045 4011 3712 4001 4005 4011 4020 4031 4045 4061 4079 4100 3785 3396 3384 3669 3863 4176 4206 4238 4272 4308 4346 4386 4428 4472 4305 4134 3859 3689 3523 3688 3821 3883 4301 4327 4614 4665 4717 4771 4826 4883 4941 5000 5061 4958 4667 4000 3801 3689 3585 3489 3401 2865 2968 3081 3202 3330 2907 2759 2617 2484 2360 2720 3306 2807 2508 2354 2571 2435 2062 1838 1581 1616 1342 1300 1020  728 1020  825 1077 1000 1281 1360 1304 1526 1612 1700 1565 1709 1879 2059 2147 2062 2025 2341 2309 2474 3162
 3585 2884 3000 2720 2561 2546 2263 2126 2062 2000 1887 2059 1789 1709 1676 1844 1628 1315 1265 1393 1487 1628 1649 1897 1789 2163 1942 1838 1342  894  894  608    0  300  316  600  608  806  985 1030 1265 1523 1442 1720 1697 1844 2000 2163 2062 2341 2280 2309 2608 2729 2377 2506 2773 2907 3270 3544 3471 3423 3126 3400 3401 3406 3413 3423 3437 3453 3471 3493 3178 2789 2786 3068 3270 3574 3606 3640 3677 3716 3758 3801 3847 3895 3744 3581 3302 3140 2983 3183 3330 3342 3764 3780 4050 4105 4162 4220 4280 4342 4405 4469 4534 4455 4187 3585 3400 3311 3231 3162 3105 2530 2600 2683 2778 2884 2408 2280 2163 2059 1970 2508 3225 2816 2433 2202 2400 2209 1903 1603 1404 1400 1100 1105  985  721 1204 1063 1345 1389 1664 1720 1640 1844 1910 1980 1838 1921 2126 2335 2408 2280 2220 2524 2470 2594 3312
 3329 2640 2766 2484 2335 2343 2062 1942 1887 1836 1746 1931 1676 1628 1612 1803 1600 1393 1389 1526 1612 1709 1746 2012 1942 2343 2126 2062 1616 1170 1063  721  300    0  100  300  316  510  721  781  985 1253 1204 1487 1500 1664 1836 2012 1965 2256 2220 2302 2648 2789 2506 2663 2915 3053 3400 3640 3544 3471 3178 3413 3406 3401 3400 3401 3406 3413 3423 3437 3126 2729 2693 2983 3162 3493 3517 3544 3574 3606 3640 3677 3716 3758 3585 3413 3138 2968 2802 2973 3111 3162 3581 3606 3895 3945 3996 4050 4105 4162 4220 4280 4342 4245 3962 3329 3138 3041 2955 2879 2816 2247 2326 2419 2524 2640 2193 2052 1921 1803 1700 2209 2927 2530 2138 1903 2100 1910 1603 1304 1105 1100  800  806  721  500 1000  894 1166 1265 1523 1565 1476 1664 1720 1780 1640 1697 1910 2126 2193 2052 1985 2280 2220 2332 3053
 3276 2581 2702 2421 2267 2267 1985 1860 1803 1749 1655 1838 1581 1530 1513 1703 1500 1300 1304 1442 1526 1616 1655 1924 1860 2267 2052 2000 1581 1140  990  640  316  100    0  316  300  539  781  849 1030 1304 1273 1556 1581 1749 1924 2102 2062 2354 2319 2402 2746 2886 2594 2746 3002 3138 3489 3734 3640 3569 3276 3513 3506 3501 3500 3501 3506 3513 3523 3536 3225 2828 2789 3081 3257 3590 3614 3640 3669 3700 3734 3770 3808 3848 3672 3499 3225 3053 2884 3048 3183 3245 3662 3689 3982 4031 4082 4134 4188 4244 4301 4360 4420 4319 4031 3384 3191 3089 2997 2915 2846 2285 2371 2470 2581 2702 2267 2121 1985 1860 1749 2220 2915 2500 2121 1900 2102 1924 1600 1315 1100 1105  806  800  671  424  922  806 1082 1170 1432 1476 1389 1581 1640 1703 1562 1628 1838 2052 2121 1985 1921 2220 2163 2283 3002
 3081 2408 2546 2263 2126 2163 1887 1789 1746 1709 1649 1844 1612 1600 1603 1811 1628 1526 1562 1703 1780 1836 1887 2163 2126 2546 2335 2302 1897 1456 1281  922  600  300  316    0  100  224  500  583  721 1000 1000 1281 1342 1523 1709 1897 1910 2209 2200 2335 2720 2879 2663 2843 3081 3220 3551 3758 3640 3544 3257 3453 3437 3423 3413 3406 3401 3400 3401 3406 3102 2702 2631 2927 3081 3437 3453 3471 3493 3517 3544 3574 3606 3640 3444 3265 2997 2818 2642 2780 2907 3002 3413 3448 3758 3801 3847 3895 3945 3996 4050 4105 4162 4046 3748 3081 2884 2778 2683 2600 2530 1970 2059 2163 2280 2408 2000 1844 1697 1562 1442 1910 2631 2247 1844 1603 1800 1612 1304 1005  806  800  500  510  500  400  854  806 1044 1204 1432 1456 1360 1523 1565 1612 1476 1500 1720 1942 2000 1844 1769 2052 1985 2081 2802
 3023 2343 2476 2193 2052 2081 1803 1700 1655 1616 1552 1746 1513 1500 1503 1712 1530 1442 1487 1628 1703 1749 1803 2081 2052 2476 2267 2247 1868 1432 1221  860  608  316  300  100    0  283  583  671  781 1063 1082 1360 1432 1616 1803 1992 2010 2309 2300 2433 2816 2973 2746 2921 3162 3302 3636 3848 3734 3640 3353 3551 3536 3523 3513 3506 3501 3500 3501 3506 3202 2802 2729 3027 3178 3536 3551 3569 3590 3614 3640 3669 3700 3734 3534 3354 3087 2907 2729 2860 2983 3089 3499 3536 3848 3891 3936 3982 4031 4082 4134 4188 4244 4123 3821 3140 2941 2830 2729 2640 2563 2012 2110 2220 2343 2476 2081 1921 1769 1628 1500 1924 2617 2214 1825 1600 1803 1628 1300 1020  800  806  510  500  424  300  762  707  949 1105 1334 1360 1265 1432 1476 1526 1389 1421 1640 1860 1921 1769 1697 1985 1921 2025 2746
 2983 2335 2484 2202 2081 2147 1879 1803 1772 1746 1712 1910 1700 1712 1726 1942 1772 1720 1769 1910 1985 2025 2081 2360 2335 2759 2550 2524 2119 1676 1500 1140  806  510  539  224  283    0  316  412  500  781  806 1082 1170 1360 1552 1746 1800 2100 2110 2280 2693 2864 2702 2900 3124 3265 3581 3759 3625 3511 3231 3396 3373 3354 3338 3324 3314 3306 3302 3300 3002 2602 2508 2807 2943 3314 3324 3338 3354 3373 3396 3421 3448 3479 3270 3087 2823 2640 2460 2581 2702 2818 3225 3265 3585 3625 3667 3712 3759 3808 3859 3912 3966 3842 3538 2860 2663 2555 2460 2377 2309 1746 1836 1942 2062 2193 1803 1640 1487 1345 1221 1703 2452 2102 1676 1414 1603 1404 1118  800  632  608  316  361  510  539  906  906 1105 1304 1503 1513 1414 1552 1581 1616 1487 1476 1700 1924 1972 1803 1720 1985 1910 1985 2702
 3111 2500 2663 2385 2283 2377 2119 2062 2040 2022 2002 2202 2002 2022 2040 2256 2088 2025 2062 2202 2280 2332 2385 2663 2625 3041 2828 2780 2326 1879 1769 1414  985  721  781  500  583  316    0  100  300  539  500  781  854 1044 1237 1432 1503 1803 1825 2025 2460 2642 2546 2766 2970 3111 3406 3551 3400 3270 2997 3132 3105 3081 3059 3041 3027 3015 3007 3002 2707 2309 2202 2502 2631 3007 3015 3027 3041 3059 3081 3105 3132 3162 2955 2773 2508 2326 2147 2280 2408 2506 2915 2953 3270 3311 3354 3400 3448 3499 3551 3606 3662 3547 3253 2608 2419 2326 2247 2184 2138 1552 1616 1700 1803 1921 1500 1345 1204 1082  985 1612 2435 2163 1700 1393 1552 1315 1118  762  707  640  447  539  800  854 1200 1217 1400 1612 1800 1803 1703 1825 1844 1868 1746 1709 1931 2154 2193 2012 1924 2163 2081 2126 2828
 3183 2581 2746 2470 2371 2470 2214 2159 2138 2121 2102 2302 2102 2121 2138 2354 2184 2110 2140 2280 2360 2419 2470 2746 2702 3114 2900 2843 2371 1924 1838 1487 1030  781  849  583  671  412  100    0  316  510  424  707  762  949 1140 1334 1404 1703 1726 1931 2371 2555 2476 2702 2900 3041 3330 3467 3312 3178 2907 3036 3008 2983 2961 2943 2927 2915 2907 2902 2608 2209 2102 2402 2532 2907 2915 2927 2943 2961 2983 3008 3036 3068 2864 2683 2417 2236 2059 2202 2335 2419 2830 2865 3178 3220 3265 3312 3362 3413 3467 3523 3581 3471 3183 2555 2371 2285 2214 2159 2121 1530 1581 1655 1749 1860 1421 1273 1140 1030  949 1628 2470 2220 1749 1432 1581 1334 1166  806  781  707  539  632  900  949 1300 1315 1500 1712 1900 1903 1803 1924 1942 1965 1844 1803 2025 2247 2285 2102 2012 2247 2163 2202 2900
 2907 2332 2506 2236 2154 2280 2040 2010 2002 2000 2010 2209 2040 2088 2119 2341 2193 2202 2263 2404 2476 2500 2561 2843 2828 3256 3048 3023 2600 2154 2000 1640 1265  985 1030  721  781  500  300  316    0  283  400  632  800 1000 1200 1400 1552 1844 1897 2147 2608 2802 2766 3000 3189 3330 3607 3720 3551 3400 3138 3231 3195 3162 3132 3105 3081 3059 3041 3027 2746 2354 2209 2508 2602 3002 3000 3002 3007 3015 3027 3041 3059 3081 2846 2657 2404 2214 2025 2110 2220 2377 2773 2823 3162 3195 3231 3270 3311 3354 3400 3448 3499 3360 3048 2360 2163 2059 1970 1897 1844 1265 1342 1442 1562 1697 1342 1166 1000  849  721 1315 2154 1921 1442 1118 1265 1020  860  500  539  447  412  510  854 1000 1237 1300 1432 1676 1825 1811 1712 1800 1803 1811 1703 1628 1844 2062 2088 1897 1803 2012 1924 1942 2625
 2941 2417 2600 2341 2280 2433 2209 2200 2202 2209 2236 2433 2280 2341 2377 2600 2460 2484 2546 2687 2759 2780 2843 3124 3111 3538 3330 3302 2864 2417 2280 1921 1523 1253 1304 1000 1063  781  539  510  283    0  283  400  632  825 1020 1217 1432 1709 1789 2081 2561 2766 2802 3053 3220 3360 3612 3688 3500 3329 3081 3130 3087 3046 3008 2973 2941 2912 2886 2864 2596 2214 2040 2335 2402 2816 2807 2802 2800 2802 2807 2816 2828 2844 2596 2404 2159 1965 1772 1836 1942 2119 2508 2563 2912 2941 2973 3008 3046 3087 3130 3176 3225 3081 2766 2081 1887 1789 1709 1649 1612 1020 1077 1166 1281 1414 1077  894  721  566  447 1170 2059 1910 1414 1063 1166  894  860  539  700  600  671  762 1118 1281 1487 1565 1676 1931 2062 2040 1942 2010 2002 2000 1903 1803 2010 2220 2236 2040 1942 2119 2025 2012 2663
 3220 2683 2864 2600 2530 2668 2433 2408 2402 2400 2408 2608 2433 2474 2500 2720 2563 2524 2561 2702 2780 2830 2884 3162 3124 3538 3324 3265 2778 2332 2263 1910 1442 1204 1273 1000 1082  806  500  424  400  283    0  283  400  600  800 1000 1170 1456 1523 1803 2280 2484 2524 2778 2941 3081 3330 3406 3220 3053 2802 2864 2823 2786 2751 2720 2693 2668 2648 2631 2354 1965 1811 2110 2202 2602 2600 2602 2608 2617 2631 2648 2668 2693 2470 2285 2025 1838 1655 1780 1910 2012 2419 2460 2786 2823 2864 2907 2953 3002 3053 3106 3162 3048 2759 2147 1970 1897 1844 1811 1800 1200 1217 1265 1342 1442 1000  849  721  632  600 1432 2332 2193 1697 1345 1442 1166 1140  806  922  825  806  906 1237 1342 1628 1676 1825 2062 2220 2209 2110 2200 2202 2209 2102 2022 2236 2452 2474 2280 2184 2377 2285 2283 2941
 3276 2786 2973 2720 2668 2828 2608 2600 2602 2608 2631 2828 2668 2720 2751 2973 2823 2802 2843 2983 3061 3106 3162 3441 3406 3821 3607 3547 3053 2608 2546 2193 1720 1487 1556 1281 1360 1082  781  707  632  400  283    0  283  447  632  825 1082 1342 1442 1769 2263 2476 2594 2864 3002 3138 3360 3394 3189 3000 2766 2778 2729 2683 2640 2600 2563 2530 2500 2474 2214 1838 1649 1942 2002 2419 2408 2402 2400 2402 2408 2419 2433 2452 2214 2025 1772 1581 1393 1500 1628 1746 2147 2193 2530 2563 2600 2640 2683 2729 2778 2830 2884 2766 2476 1879 1709 1649 1612 1600 1612 1020 1000 1020 1077 1166  721  566  447  400  447 1360 2280 2220 1720 1360 1414 1131 1208  922 1100 1000 1044 1140 1487 1612 1868 1931 2062 2309 2452 2433 2335 2408 2402 2400 2302 2202 2408 2617 2631 2433 2335 2500 2404 2377 3002
 3551 3046 3231 2973 2912 3059 2828 2807 2802 2800 2807 3007 2828 2864 2886 3105 2941 2865 2884 3023 3106 3176 3225 3499 3441 3842 3624 3536 3000 2561 2561 2220 1697 1500 1581 1342 1432 1170  854  762  800  632  400  283    0  200  400  600  806 1077 1166 1487 1980 2193 2326 2600 2729 2865 3081 3111 2907 2720 2484 2506 2460 2417 2377 2341 2309 2280 2256 2236 1965 1581 1414 1712 1803 2202 2200 2202 2209 2220 2236 2256 2280 2309 2102 1924 1655 1476 1304 1487 1640 1664 2081 2110 2417 2460 2506 2555 2608 2663 2720 2780 2843 2759 2500 1992 1844 1811 1800 1811 1844 1265 1217 1200 1217 1265  721  632  600  632  721 1640 2561 2500 2000 1640 1697 1414 1476 1170 1315 1217 1204 1304 1628 1709 2022 2062 2220 2452 2617 2608 2508 2600 2602 2608 2502 2419 2631 2844 2864 2668 2571 2751 2657 2640 3276
 3722 3231 3418 3162 3105 3256 3027 3007 3002 3000 3007 3206 3027 3059 3081 3298 3132 3041 3053 3191 3276 3354 3400 3672 3606 4000 3780 3680 3124 2691 2720 2385 1844 1664 1749 1523 1616 1360 1044  949 1000  825  600  447  200    0  200  400  640  894 1000 1345 1844 2062 2247 2530 2640 2773 2968 2973 2759 2561 2335 2332 2283 2236 2193 2154 2119 2088 2062 2040 1772 1393 1217 1513 1603 2002 2000 2002 2010 2022 2040 2062 2088 2119 1924 1749 1476 1304 1140 1360 1526 1500 1921 1942 2236 2283 2332 2385 2441 2500 2561 2625 2691 2625 2385 1942 1811 1800 1811 1844 1897 1342 1265 1217 1200 1217  632  600  632  721  849 1769 2691 2663 2163 1803 1844 1562 1655 1360 1513 1414 1404 1503 1825 1897 2220 2256 2419 2648 2816 2807 2707 2800 2802 2807 2702 2617 2828 3041 3059 2864 2766 2941 2846 2823 3448
 3895 3418 3606 3353 3298 3453 3225 3206 3202 3200 3206 3406 3225 3256 3276 3493 3324 3220 3225 3362 3448 3534 3578 3847 3774 4162 3941 3829 3256 2828 2884 2555 2000 1836 1924 1709 1803 1552 1237 1140 1200 1020  800  632  400  200    0  200  500  721  849 1221 1720 1942 2184 2474 2563 2693 2865 2843 2617 2408 2193 2163 2110 2059 2012 1970 1931 1897 1868 1844 1581 1208 1020 1315 1404 1803 1800 1803 1811 1825 1844 1868 1897 1931 1749 1581 1304 1140  990 1253 1432 1345 1769 1780 2059 2110 2163 2220 2280 2343 2408 2476 2546 2500 2283 1910 1800 1811 1844 1897 1970 1442 1342 1265 1217 1200  600  632  721  849 1000 1910 2828 2830 2332 1972 2000 1720 1838 1552 1712 1612 1603 1703 2022 2088 2419 2452 2617 2844 3015 3007 2907 3000 3002 3007 2902 2816 3027 3239 3256 3059 2961 3132 3036 3008 3624
 4071 3606 3795 3544 3493 3650 3423 3406 3401 3400 3406 3606 3423 3453 3471 3688 3517 3401 3400 3536 3624 3716 3758 4025 3945 4327 4105 3982 3394 2973 3053 2729 2163 2012 2102 1897 1992 1746 1432 1334 1400 1217 1000  825  600  400  200    0  412  566  721 1118 1612 1836 2138 2433 2500 2625 2773 2720 2484 2263 2062 2000 1942 1887 1836 1789 1746 1709 1676 1649 1393 1030  825 1118 1204 1603 1600 1603 1612 1628 1649 1676 1709 1746 1581 1421 1140  990  860 1170 1360 1204 1628 1628 1887 1942 2000 2062 2126 2193 2263 2335 2408 2385 2193 1900 1811 1844 1897 1970 2059 1562 1442 1342 1265 1217  632  721  849 1000 1166 2062 2973 3002 2506 2147 2163 1887 2025 1746 1910 1811 1803 1903 2220 2280 2617 2648 2816 3041 3214 3206 3106 3200 3202 3206 3102 3015 3225 3437 3453 3256 3158 3324 3228 3195 3801
 4357 3848 4031 3770 3700 3833 3590 3551 3536 3523 3506 3705 3500 3506 3513 3722 3536 3353 3324 3454 3547 3669 3700 3956 3848 4206 3982 3828 3202 2802 2955 2657 2062 1965 2062 1910 2010 1800 1503 1404 1552 1432 1170 1082  806  640  500  412    0  300  361  721 1221 1442 1726 2022 2088 2214 2371 2343 2121 1921 1697 1700 1655 1616 1581 1552 1530 1513 1503 1500 1204  806  728 1020 1208 1530 1552 1581 1616 1655 1700 1749 1803 1860 1769 1640 1360 1253 1170 1530 1726 1476 1887 1860 2052 2121 2193 2267 2343 2421 2500 2581 2663 2683 2530 2302 2220 2256 2309 2377 2460 1942 1836 1746 1676 1628 1044 1118 1221 1345 1487 2404 3324 3302 2802 2441 2484 2202 2283 1970 2088 1992 1924 2022 2302 2309 2702 2702 2902 3102 3302 3306 3206 3324 3338 3354 3239 3178 3396 3614 3640 3448 3353 3547 3454 3444 4082
 4614 4123 4308 4050 3985 4123 3883 3847 3833 3821 3805 4005 3800 3805 3812 4020 3833 3640 3606 3734 3828 3956 3985 4238 4123 4472 4249 4082 3441 3053 3231 2941 2341 2256 2354 2209 2309 2100 1803 1703 1844 1709 1456 1342 1077  894  721  566  300    0  200  608 1077 1300 1700 2000 2022 2138 2247 2163 1921 1697 1500 1442 1389 1342 1300 1265 1237 1217 1204 1200  906  510  447  728  943 1237 1265 1300 1342 1389 1442 1500 1562 1628 1581 1476 1208 1140 1105 1500 1700 1360 1746 1700 1844 1921 2000 2081 2163 2247 2332 2419 2506 2563 2452 2335 2280 2341 2417 2506 2608 2126 2000 1887 1789 1709 1166 1281 1414 1562 1720 2625 3538 3551 3053 2693 2720 2441 2550 2247 2377 2280 2220 2319 2602 2608 3002 3002 3202 3401 3601 3606 3506 3622 3635 3650 3536 3471 3688 3905 3929 3736 3640 3828 3734 3716 4342
