ulysses16.tsp
16
    1  565  544  348  987  702  614    1 1002  688 2286  439  439  439  633  112
  565    1  140  518 1550 1231 1146  565 1442 1106 2799  977  977  977 1196  528
  544  140    1  584 1528 1165 1083  544 1343 1008 2715  921  921  921 1173  481
  348  518  584    1 1150 1003  917  348 1339 1033 2573  745  745  745  823  427
  987 1550 1528 1150    1  564  586  987  909  909 1564  665  665  665  356 1050
  702 1231 1165 1003  564    1   88  702  422  345 1584  264  264  264  379  706
  614 1146 1083  917  586   88    1  614  480  334 1672  176  176  176  346  620
    1  565  544  348  987  702  614    1 1002  688 2286  439  439  439  633  112
 1002 1442 1343 1339  909  422  480 1002    1  337 1392  614  614  614  799  964
  688 1106 1008 1033  909  345  334  688  337    1 1715  376  376  376  674  637
 2286 2799 2715 2573 1564 1584 1672 2286 1392 1715    1 1847 1847 1847 1783 2284
  439  977  921  745  665  264  176  439  614  376 1847    1    1    1  346  450
  439  977  921  745  665  264  176  439  614  376 1847    1    1    1  346  450
  439  977  921  745  665  264  176  439  614  376 1847    1    1    1  346  450
  633 1196 1173  823  356  379  346  633  799  674 1783  346  346  346    1  695
  112  528  481  427 1050  706  620  112  964  637 2284  450  450  450  695    1
6859
